LoanID,CustomerID,BranchID,LoanAmount,InterestRate,Term,StartDate,EndDate,Status,AmountPaid,OutstandingBalance
1,364,2,29749.87,6.48,36,2022-08-07,2025-08-07,Paid,25865.94,0.0
2,475,3,40716.34,9.11,12,2024-02-25,2025-02-25,Defaulted,38014.91,2701.43
3,122,8,6182.78,9.65,36,2024-12-16,2027-12-16,In Progress,1236.56,4946.22
4,283,3,32537.68,4.03,36,2023-03-22,2026-03-22,In Progress,6507.54,26030.14
5,368,8,28656.3,12.23,60,2025-02-02,2030-02-02,Approved,5731.26,22925.04
6,498,6,33905.24,8.4,60,2024-07-12,2029-07-12,In Progress,6781.05,27124.19
7,450,9,33790.73,5.18,24,2022-05-30,2024-05-30,In Progress,6758.15,27032.58
8,467,1,42412.59,9.22,36,2025-03-31,2028-03-31,Approved,8482.52,33930.07
9,166,4,20571.04,14.29,36,2025-04-06,2028-04-06,Paid,10295.48,0.0
10,326,9,17350.3,10.5,60,2024-11-23,2029-11-23,Paid,12180.93,0.0
11,87,10,47372.31,4.85,60,2024-02-16,2029-02-16,Paid,37145.16,0.0
12,432,10,6853.74,13.37,12,2023-10-19,2024-10-19,Approved,1370.75,5482.99
13,329,10,16909.52,5.53,60,2023-01-02,2028-01-02,In Progress,3381.9,13527.62
14,328,1,27411.71,10.53,36,2023-01-16,2026-01-16,Paid,14848.25,0.0
15,126,7,18384.52,3.88,12,2025-04-28,2026-04-28,Approved,3676.9,14707.62
16,213,8,25899.9,7.08,24,2022-06-25,2024-06-25,In Progress,5179.98,20719.92
17,368,6,38038.99,13.33,48,2023-08-16,2027-08-16,Approved,7607.8,30431.19
18,190,9,30274.3,6.83,48,2022-08-15,2026-08-15,Approved,6054.86,24219.44
19,231,4,11339.49,3.61,48,2022-07-25,2026-07-25,Paid,7194.99,0.0
20,493,3,41606.5,14.21,36,2023-12-25,2026-12-25,Approved,8321.3,33285.2
21,82,8,49818.62,8.6,36,2024-05-18,2027-05-18,In Progress,9963.72,39854.9
22,47,7,27745.0,14.6,24,2024-06-11,2026-06-11,Paid,9403.52,0.0
23,145,8,31888.34,13.11,48,2024-11-26,2028-11-26,Approved,6377.67,25510.67
24,5,2,24391.75,13.59,36,2024-06-12,2027-06-12,Paid,14458.21,0.0
25,206,1,30662.67,5.34,60,2022-09-12,2027-09-12,Approved,6132.53,24530.14
26,198,9,25265.95,9.6,60,2023-05-02,2028-05-02,Paid,9981.28,0.0
27,500,2,22725.67,12.54,36,2023-02-24,2026-02-24,Paid,13464.62,0.0
28,74,4,32110.83,7.82,12,2024-12-05,2025-12-05,Approved,6422.17,25688.66
29,71,6,41178.46,9.23,24,2023-03-01,2025-03-01,Paid,29335.72,0.0
30,168,10,19333.85,7.72,60,2024-06-12,2029-06-12,Paid,10428.44,0.0
31,173,9,42273.02,9.39,60,2023-01-19,2028-01-19,Approved,8454.6,33818.42
32,418,1,21576.1,11.09,48,2023-02-26,2027-02-26,Paid,20225.52,0.0
33,372,1,31860.93,6.19,60,2024-07-13,2029-07-13,Paid,27945.86,0.0
34,299,8,12673.04,10.55,60,2024-06-15,2029-06-15,Paid,7656.45,0.0
35,421,4,6420.67,14.38,12,2023-06-18,2024-06-18,Approved,1284.13,5136.54
36,226,6,23845.11,7.96,24,2022-09-08,2024-09-08,In Progress,4769.02,19076.09
37,397,10,46423.44,13.47,12,2025-02-07,2026-02-07,Paid,33190.28,0.0
38,288,6,49915.53,8.74,48,2024-12-22,2028-12-22,In Progress,9983.11,39932.42
39,89,8,46045.59,7.11,36,2024-02-18,2027-02-18,Paid,45775.0,0.0
40,349,5,32453.45,5.31,24,2022-05-25,2024-05-25,Approved,6490.69,25962.76
41,153,4,47366.85,14.79,36,2023-11-26,2026-11-26,Paid,40365.65,0.0
42,251,6,26591.15,9.73,36,2023-02-12,2026-02-12,Approved,5318.23,21272.92
43,294,9,22086.24,14.76,36,2024-12-17,2027-12-17,Defaulted,20842.62,1243.62
44,149,1,17943.37,11.57,36,2023-04-29,2026-04-29,Defaulted,14799.29,3144.08
45,383,8,14629.41,12.94,36,2022-08-29,2025-08-29,Defaulted,12536.48,2092.93
46,71,2,32705.47,10.04,24,2023-05-02,2025-05-02,Approved,6541.09,26164.38
47,464,9,15155.22,5.79,12,2024-04-12,2025-04-12,In Progress,3031.04,12124.18
48,368,8,9524.52,12.25,12,2024-04-19,2025-04-19,Defaulted,10308.66,-784.14
49,81,7,34380.18,13.57,48,2023-08-26,2027-08-26,In Progress,6876.04,27504.14
50,103,5,19452.55,10.75,12,2023-09-28,2024-09-28,Paid,9449.59,0.0
51,379,1,46095.34,5.1,24,2024-12-18,2026-12-18,Defaulted,15168.68,30926.66
52,429,7,40458.23,5.24,36,2024-11-26,2027-11-26,Paid,12437.42,0.0
53,291,10,9828.53,14.8,36,2023-10-06,2026-10-06,In Progress,1965.71,7862.82
54,329,9,28594.33,13.67,24,2024-12-25,2026-12-25,Paid,19284.49,0.0
55,99,2,19880.78,11.77,36,2023-01-16,2026-01-16,Paid,6188.24,0.0
56,173,5,30550.16,12.09,24,2023-01-12,2025-01-12,Paid,24775.59,0.0
57,208,7,28187.63,4.04,12,2022-06-04,2023-06-04,Approved,5637.53,22550.1
58,72,8,19562.08,5.98,36,2022-06-15,2025-06-15,In Progress,3912.42,15649.66
59,229,5,47931.57,6.62,60,2023-11-30,2028-11-30,Approved,9586.31,38345.26
60,335,6,36174.59,3.75,12,2023-02-08,2024-02-08,In Progress,7234.92,28939.67
61,82,7,35873.31,14.08,36,2024-01-12,2027-01-12,Paid,29092.14,0.0
62,482,5,21539.48,5.65,24,2023-08-04,2025-08-04,In Progress,4307.9,17231.58
63,233,10,21813.12,11.42,48,2023-07-24,2027-07-24,Paid,20539.15,0.0
64,423,4,39283.68,11.16,60,2022-08-26,2027-08-26,Paid,14358.04,0.0
65,229,9,36669.48,3.94,60,2022-10-15,2027-10-15,Approved,7333.9,29335.58
66,425,9,45629.97,5.43,60,2024-07-14,2029-07-14,Approved,9125.99,36503.98
67,168,9,24882.82,11.16,60,2022-05-14,2027-05-14,In Progress,4976.56,19906.26
68,461,9,25046.72,3.67,24,2024-05-10,2026-05-10,Paid,16667.06,0.0
69,30,9,25807.02,12.68,12,2022-05-19,2023-05-19,In Progress,5161.4,20645.62
70,419,1,38561.2,9.94,12,2024-08-15,2025-08-15,In Progress,7712.24,30848.96
71,359,2,29352.36,3.72,12,2024-12-08,2025-12-08,Defaulted,19890.83,9461.53
72,147,7,13099.16,4.63,48,2024-12-26,2028-12-26,In Progress,2619.83,10479.33
73,457,7,25184.17,14.01,48,2022-11-21,2026-11-21,In Progress,5036.83,20147.34
74,350,9,10984.54,13.32,12,2024-08-05,2025-08-05,Approved,2196.91,8787.63
75,276,7,28797.91,11.73,24,2025-03-07,2027-03-07,Paid,26060.48,0.0
76,153,8,35307.49,9.53,60,2025-03-21,2030-03-21,In Progress,7061.5,28245.99
77,118,4,25728.14,4.86,24,2025-02-01,2027-02-01,Defaulted,22641.26,3086.88
78,58,1,41426.52,8.03,12,2024-08-08,2025-08-08,Approved,8285.3,33141.22
79,35,2,31727.49,8.36,12,2024-07-07,2025-07-07,Approved,6345.5,25381.99
80,23,7,24753.33,9.48,12,2023-03-06,2024-03-06,Approved,4950.67,19802.66
81,149,4,41710.38,11.78,36,2024-01-01,2027-01-01,Paid,38291.4,0.0
82,420,6,15660.68,13.52,60,2024-05-27,2029-05-27,Approved,3132.14,12528.54
83,154,5,7743.09,14.38,24,2024-08-28,2026-08-28,Paid,4969.21,0.0
84,254,1,48753.06,14.3,48,2023-09-22,2027-09-22,Paid,27057.34,0.0
85,214,7,11714.79,7.52,60,2024-05-10,2029-05-10,In Progress,2342.96,9371.83
86,435,4,18533.14,11.49,48,2024-01-10,2028-01-10,Defaulted,13898.16,4634.98
87,496,7,30077.9,4.61,24,2023-10-23,2025-10-23,Approved,6015.58,24062.32
88,170,2,46500.17,13.17,12,2023-02-26,2024-02-26,Paid,44804.08,0.0
89,27,5,21972.56,10.26,12,2022-05-21,2023-05-21,Paid,9899.31,0.0
90,390,10,37593.74,9.71,48,2024-10-11,2028-10-11,Approved,7518.75,30074.99
91,465,6,18643.46,13.91,24,2022-12-10,2024-12-10,Defaulted,19942.2,-1298.74
92,61,8,46149.86,11.35,24,2022-10-21,2024-10-21,In Progress,9229.97,36919.89
93,123,9,19472.68,6.4,48,2023-04-05,2027-04-05,Paid,11438.4,0.0
94,134,6,28076.74,8.97,12,2024-08-28,2025-08-28,Paid,24649.44,0.0
95,390,6,46144.87,7.45,48,2022-10-04,2026-10-04,Approved,9228.97,36915.9
96,443,4,38356.36,3.19,60,2024-01-22,2029-01-22,Defaulted,29277.96,9078.4
97,214,5,11858.51,6.96,48,2025-02-13,2029-02-13,Paid,5888.75,0.0
98,282,6,16579.7,12.86,48,2024-03-06,2028-03-06,In Progress,3315.94,13263.76
99,376,6,12616.96,11.64,48,2024-12-16,2028-12-16,Approved,2523.39,10093.57
100,456,9,49564.56,14.49,60,2024-02-11,2029-02-11,Approved,9912.91,39651.65
101,434,2,47533.47,11.02,12,2023-07-16,2024-07-16,In Progress,9506.69,38026.78
102,432,4,8058.56,4.81,24,2022-08-07,2024-08-07,Paid,4823.54,0.0
103,317,10,46073.82,10.91,12,2024-11-19,2025-11-19,Approved,9214.76,36859.06
104,283,7,5533.29,9.35,36,2023-05-19,2026-05-19,Paid,2929.05,0.0
105,258,7,41277.55,13.92,12,2024-10-23,2025-10-23,Defaulted,29699.54,11578.01
106,124,4,32890.14,6.03,36,2023-10-27,2026-10-27,Approved,6578.03,26312.11
107,204,2,21787.32,7.87,60,2022-12-25,2027-12-25,Approved,4357.46,17429.86
108,357,4,18498.86,12.94,12,2023-10-07,2024-10-07,Paid,18250.52,0.0
109,389,1,9207.52,7.55,60,2023-11-02,2028-11-02,In Progress,1841.5,7366.02
110,327,1,36628.03,3.99,48,2024-08-15,2028-08-15,Paid,20695.44,0.0
111,440,2,45265.6,14.03,24,2023-12-22,2025-12-22,Approved,9053.12,36212.48
112,445,10,26397.51,3.56,12,2024-09-23,2025-09-23,Paid,13840.17,0.0
113,279,10,34614.92,5.15,36,2023-10-03,2026-10-03,Approved,6922.98,27691.94
114,107,10,11488.62,12.85,48,2025-01-13,2029-01-13,Defaulted,6197.21,5291.41
115,289,4,30501.32,13.19,60,2023-07-14,2028-07-14,In Progress,6100.26,24401.06
116,387,3,40572.41,11.27,12,2023-08-17,2024-08-17,Paid,43796.24,0.0
117,28,2,24668.97,13.06,36,2023-07-04,2026-07-04,Paid,19515.43,0.0
118,305,7,48601.42,6.92,36,2024-04-28,2027-04-28,Paid,32098.33,0.0
119,117,6,29886.7,7.51,24,2022-10-23,2024-10-23,Paid,24762.25,0.0
120,44,10,18292.08,5.96,12,2023-03-18,2024-03-18,Approved,3658.42,14633.66
121,79,7,37025.47,10.61,48,2023-12-19,2027-12-19,In Progress,7405.09,29620.38
122,55,2,5233.79,6.7,36,2023-06-14,2026-06-14,Paid,1998.18,0.0
123,45,3,24394.08,9.68,60,2022-05-18,2027-05-18,In Progress,4878.82,19515.26
124,14,2,20926.14,4.12,60,2024-10-11,2029-10-11,Paid,20737.27,0.0
125,7,5,23621.45,12.35,60,2023-10-27,2028-10-27,Defaulted,25571.13,-1949.68
126,293,9,12631.23,7.57,24,2024-12-18,2026-12-18,Approved,2526.25,10104.98
127,138,8,11567.07,5.01,36,2022-08-09,2025-08-09,In Progress,2313.41,9253.66
128,248,2,21250.62,14.33,48,2023-10-12,2027-10-12,Paid,9699.6,0.0
129,55,3,18709.61,14.39,36,2024-12-27,2027-12-27,Paid,11298.96,0.0
130,442,6,24810.03,8.17,60,2023-11-16,2028-11-16,Approved,4962.01,19848.02
131,165,10,47627.55,5.41,36,2024-11-01,2027-11-01,Approved,9525.51,38102.04
132,204,6,18115.17,11.34,48,2023-08-09,2027-08-09,Defaulted,16767.03,1348.14
133,167,7,17613.51,12.43,36,2024-05-14,2027-05-14,Approved,3522.7,14090.81
134,289,4,31650.22,9.55,60,2025-02-28,2030-02-28,Approved,6330.04,25320.18
135,373,8,47433.87,5.52,36,2022-06-08,2025-06-08,Paid,16854.53,0.0
136,435,7,35283.99,4.67,36,2022-07-26,2025-07-26,Approved,7056.8,28227.19
137,338,3,37185.64,12.47,12,2024-11-05,2025-11-05,In Progress,7437.13,29748.51
138,307,8,31200.98,9.41,48,2023-09-30,2027-09-30,Paid,29097.31,0.0
139,185,9,31721.9,13.97,12,2023-11-25,2024-11-25,Paid,26204.87,0.0
140,182,3,34114.99,3.53,48,2023-09-27,2027-09-27,Defaulted,19284.43,14830.56
141,408,7,9767.5,4.18,24,2025-02-26,2027-02-26,Paid,6984.14,0.0
142,298,10,14946.43,7.49,48,2022-06-22,2026-06-22,Paid,11521.78,0.0
143,257,3,20523.53,3.29,12,2025-03-11,2026-03-11,Approved,4104.71,16418.82
144,472,2,10223.12,14.29,24,2023-09-19,2025-09-19,In Progress,2044.62,8178.5
145,176,8,40292.15,9.25,36,2023-10-31,2026-10-31,In Progress,8058.43,32233.72
146,225,8,19350.93,6.6,12,2024-12-14,2025-12-14,Approved,3870.19,15480.74
147,176,2,35471.27,4.97,24,2024-05-28,2026-05-28,Paid,26302.95,0.0
148,170,9,24186.62,8.54,48,2023-09-30,2027-09-30,Paid,10862.44,0.0
149,337,7,22801.21,11.85,24,2023-01-11,2025-01-11,In Progress,4560.24,18240.97
150,220,7,5200.25,5.58,36,2023-04-11,2026-04-11,Paid,4924.55,0.0
151,33,10,9578.84,13.46,24,2025-03-07,2027-03-07,In Progress,1915.77,7663.07
152,101,8,10127.97,11.05,48,2022-09-02,2026-09-02,Paid,8216.69,0.0
153,306,7,32508.88,10.04,36,2023-03-21,2026-03-21,In Progress,6501.78,26007.1
154,235,10,12763.74,11.08,36,2024-05-29,2027-05-29,Defaulted,9855.33,2908.41
155,345,3,19093.36,5.86,12,2023-09-18,2024-09-18,Approved,3818.67,15274.69
156,356,3,27987.12,8.02,24,2024-10-31,2026-10-31,Paid,17867.85,0.0
157,250,9,36204.48,10.74,24,2024-02-13,2026-02-13,Paid,25043.13,0.0
158,72,3,19156.1,8.41,12,2022-12-19,2023-12-19,Paid,20333.69,0.0
159,249,3,13780.78,7.61,60,2024-01-16,2029-01-16,Paid,9591.09,0.0
160,351,8,23703.37,13.08,48,2024-01-28,2028-01-28,Approved,4740.67,18962.7
161,290,1,40814.64,5.65,12,2023-03-11,2024-03-11,Approved,8162.93,32651.71
162,276,5,12569.4,8.49,48,2023-08-08,2027-08-08,Paid,4909.22,0.0
163,59,5,39880.09,12.88,36,2024-03-14,2027-03-14,Paid,36108.59,0.0
164,390,8,29585.9,14.88,12,2023-01-26,2024-01-26,Paid,24347.34,0.0
165,127,5,44366.44,3.39,36,2022-11-01,2025-11-01,In Progress,8873.29,35493.15
166,419,2,24758.15,14.93,24,2024-09-29,2026-09-29,Approved,4951.63,19806.52
167,378,10,36011.01,13.33,60,2023-10-24,2028-10-24,Paid,15585.04,0.0
168,72,4,41608.84,12.67,60,2022-07-10,2027-07-10,In Progress,8321.77,33287.07
169,144,10,29244.58,6.88,36,2023-07-11,2026-07-11,Approved,5848.92,23395.66
170,137,9,49346.97,11.15,12,2023-04-30,2024-04-30,Approved,9869.39,39477.58
171,385,7,46344.59,14.91,24,2024-04-02,2026-04-02,Paid,18822.98,0.0
172,75,6,42281.68,12.14,48,2022-12-09,2026-12-09,In Progress,8456.34,33825.34
173,296,5,33251.58,7.5,12,2022-07-04,2023-07-04,Paid,33387.91,0.0
174,48,7,28202.61,6.34,36,2023-09-09,2026-09-09,In Progress,5640.52,22562.09
175,250,6,31188.0,13.43,12,2024-02-04,2025-02-04,Paid,20794.89,0.0
176,341,6,43254.78,12.55,48,2023-03-10,2027-03-10,Approved,8650.96,34603.82
177,220,4,27262.17,6.87,36,2023-02-06,2026-02-06,In Progress,5452.43,21809.74
178,296,3,30476.39,8.82,36,2023-05-02,2026-05-02,Paid,27727.52,0.0
179,24,2,33178.08,13.04,12,2022-08-08,2023-08-08,Approved,6635.62,26542.46
180,440,3,24857.87,3.01,48,2023-08-09,2027-08-09,Approved,4971.57,19886.3
181,353,3,44696.65,6.62,36,2022-12-11,2025-12-11,Approved,8939.33,35757.32
182,185,5,8708.92,10.97,24,2022-12-16,2024-12-16,Approved,1741.78,6967.14
183,321,5,37669.48,12.06,48,2022-10-09,2026-10-09,Paid,32507.2,0.0
184,1,4,26456.3,4.59,24,2023-09-05,2025-09-05,Paid,17356.75,0.0
185,5,6,41769.91,14.86,48,2022-08-07,2026-08-07,Paid,28493.77,0.0
186,118,7,9019.9,12.67,12,2022-05-13,2023-05-13,In Progress,1803.98,7215.92
187,452,5,11170.82,12.28,24,2025-04-20,2027-04-20,Paid,9402.59,0.0
188,36,9,30348.1,10.32,24,2025-04-06,2027-04-06,In Progress,6069.62,24278.48
189,370,4,33263.6,4.82,48,2024-02-19,2028-02-19,Paid,21751.3,0.0
190,112,2,45346.68,4.68,12,2024-11-26,2025-11-26,Paid,27535.66,0.0
191,494,7,19152.67,4.68,36,2023-11-27,2026-11-27,Paid,9548.25,0.0
192,308,10,37453.08,6.42,12,2023-10-06,2024-10-06,Paid,30963.37,0.0
193,155,4,28298.71,9.11,48,2023-12-21,2027-12-21,Approved,5659.74,22638.97
194,28,4,27269.95,4.35,48,2024-07-18,2028-07-18,Paid,9730.18,0.0
195,456,1,49409.71,14.21,24,2024-01-23,2026-01-23,In Progress,9881.94,39527.77
196,430,10,23938.86,9.56,24,2023-12-21,2025-12-21,Paid,25460.47,0.0
197,395,2,5751.02,3.81,36,2023-05-07,2026-05-07,Approved,1150.2,4600.82
198,473,1,47690.6,7.78,36,2024-08-21,2027-08-21,Paid,33423.44,0.0
199,213,7,36581.48,3.99,60,2023-12-29,2028-12-29,Paid,15442.67,0.0
200,43,5,8555.97,14.05,24,2024-12-06,2026-12-06,Paid,5241.26,0.0
201,325,2,18957.63,8.25,24,2024-11-23,2026-11-23,Approved,3791.53,15166.1
202,45,7,10219.4,10.35,12,2023-06-13,2024-06-13,In Progress,2043.88,8175.52
203,380,3,10374.94,11.49,12,2024-09-13,2025-09-13,Approved,2074.99,8299.95
204,488,6,28535.24,12.4,36,2022-12-23,2025-12-23,Approved,5707.05,22828.19
205,65,5,37982.11,4.42,12,2025-04-30,2026-04-30,In Progress,7596.42,30385.69
206,220,5,28573.44,6.16,60,2023-03-28,2028-03-28,Paid,19913.35,0.0
207,262,6,7494.76,13.31,24,2023-01-27,2025-01-27,In Progress,1498.95,5995.81
208,131,2,45242.08,11.09,12,2022-11-06,2023-11-06,Approved,9048.42,36193.66
209,261,1,6981.71,13.36,24,2023-12-27,2025-12-27,Approved,1396.34,5585.37
210,187,7,46410.19,5.15,12,2023-08-26,2024-08-26,Paid,47856.24,0.0
211,380,7,15103.19,5.98,36,2022-11-01,2025-11-01,Approved,3020.64,12082.55
212,40,10,21776.37,9.02,12,2022-09-07,2023-09-07,Approved,4355.27,17421.1
213,412,9,49163.62,14.45,12,2025-02-05,2026-02-05,Paid,48810.91,0.0
214,397,5,19728.54,9.64,12,2022-06-18,2023-06-18,In Progress,3945.71,15782.83
215,150,10,40302.82,11.87,24,2022-12-16,2024-12-16,In Progress,8060.56,32242.26
216,303,8,49900.42,12.31,60,2023-12-18,2028-12-18,Paid,24755.67,0.0
217,4,7,6075.96,9.5,12,2022-05-15,2023-05-15,Defaulted,1829.89,4246.07
218,337,7,43205.27,11.73,12,2023-11-12,2024-11-12,Approved,8641.05,34564.22
219,122,7,27141.3,3.72,24,2022-05-15,2024-05-15,Paid,10162.28,0.0
220,472,4,45377.94,9.24,36,2024-12-25,2027-12-25,In Progress,9075.59,36302.35
221,383,2,31134.68,9.07,48,2024-11-17,2028-11-17,Approved,6226.94,24907.74
222,291,1,24574.23,14.57,24,2024-04-27,2026-04-27,Approved,4914.85,19659.38
223,436,6,46671.89,7.72,36,2023-12-09,2026-12-09,In Progress,9334.38,37337.51
224,140,4,8360.93,5.43,60,2022-05-31,2027-05-31,Approved,1672.19,6688.74
225,55,3,25230.5,6.77,12,2023-06-20,2024-06-20,Paid,27039.72,0.0
226,107,8,18873.85,6.18,12,2024-02-13,2025-02-13,Approved,3774.77,15099.08
227,414,5,42187.4,11.36,12,2024-09-04,2025-09-04,Approved,8437.48,33749.92
228,439,6,11674.57,11.53,36,2024-11-11,2027-11-11,In Progress,2334.91,9339.66
229,26,5,16707.51,14.89,12,2024-04-04,2025-04-04,Defaulted,16434.86,272.65
230,285,9,16243.37,8.54,24,2023-01-03,2025-01-03,Approved,3248.67,12994.7
231,32,4,10882.19,12.88,36,2022-07-06,2025-07-06,Paid,11426.95,0.0
232,44,10,31375.34,14.01,12,2024-05-17,2025-05-17,Approved,6275.07,25100.27
233,34,4,45612.32,8.32,24,2022-05-16,2024-05-16,Approved,9122.46,36489.86
234,434,6,10513.74,14.31,12,2023-01-09,2024-01-09,Approved,2102.75,8410.99
235,294,7,41975.84,7.74,12,2024-05-09,2025-05-09,In Progress,8395.17,33580.67
236,219,3,20927.45,13.9,36,2025-04-07,2028-04-07,Approved,4185.49,16741.96
237,453,3,6559.22,10.43,24,2023-11-26,2025-11-26,Paid,4585.64,0.0
238,452,9,26556.39,4.05,48,2022-10-16,2026-10-16,Approved,5311.28,21245.11
239,103,9,16211.65,14.93,60,2022-08-22,2027-08-22,Paid,17695.39,0.0
240,401,6,26585.8,12.38,36,2024-04-20,2027-04-20,Defaulted,18660.96,7924.84
241,199,5,13091.71,6.83,24,2025-02-10,2027-02-10,Approved,2618.34,10473.37
242,416,5,7636.61,14.9,60,2024-10-30,2029-10-30,In Progress,1527.32,6109.29
243,300,4,48829.09,4.2,24,2023-04-03,2025-04-03,Approved,9765.82,39063.27
244,418,1,39382.24,14.37,60,2023-09-27,2028-09-27,Paid,36937.1,0.0
245,182,3,12924.52,10.11,36,2023-05-30,2026-05-30,Defaulted,4169.0,8755.52
246,359,6,47640.14,9.76,60,2025-02-08,2030-02-08,Defaulted,46180.33,1459.81
247,415,8,29395.61,5.11,12,2025-01-05,2026-01-05,Approved,5879.12,23516.49
248,120,10,14846.4,9.32,12,2023-01-27,2024-01-27,In Progress,2969.28,11877.12
249,315,4,41290.04,7.09,24,2025-02-21,2027-02-21,Defaulted,40275.43,1014.61
250,166,1,5986.08,10.04,24,2024-02-21,2026-02-21,Paid,5849.51,0.0
251,441,6,48225.14,7.48,48,2025-04-09,2029-04-09,Paid,27452.11,0.0
252,166,3,48913.73,11.79,48,2024-03-11,2028-03-11,Paid,52265.77,0.0
253,333,6,12839.12,14.62,60,2024-07-15,2029-07-15,Paid,6144.67,0.0
254,302,3,22027.28,11.81,36,2025-03-04,2028-03-04,Approved,4405.46,17621.82
255,374,1,47695.46,14.38,48,2023-04-30,2027-04-30,Paid,43720.73,0.0
256,291,1,13193.68,6.82,60,2025-04-11,2030-04-11,Approved,2638.74,10554.94
257,290,2,47150.95,4.69,12,2024-11-26,2025-11-26,Approved,9430.19,37720.76
258,164,3,33628.4,14.56,36,2022-08-20,2025-08-20,In Progress,6725.68,26902.72
259,136,4,16229.34,3.81,36,2023-03-09,2026-03-09,Paid,14222.27,0.0
260,25,7,24719.91,8.04,24,2023-08-09,2025-08-09,Paid,17167.13,0.0
261,194,6,29571.08,4.22,48,2024-10-09,2028-10-09,Paid,22546.3,0.0
262,389,4,12319.54,3.88,12,2023-02-05,2024-02-05,Approved,2463.91,9855.63
263,164,5,47824.8,3.89,24,2023-08-16,2025-08-16,Paid,20503.62,0.0
264,39,9,47382.54,14.74,36,2022-10-24,2025-10-24,Paid,37475.6,0.0
265,248,1,24409.55,10.84,60,2025-03-30,2030-03-30,Paid,10390.73,0.0
266,52,6,14249.77,5.28,60,2022-11-29,2027-11-29,Paid,12596.5,0.0
267,136,5,18383.03,4.15,48,2023-09-27,2027-09-27,Paid,17866.17,0.0
268,79,1,21237.3,8.13,36,2023-01-31,2026-01-31,Paid,16991.39,0.0
269,246,4,9364.41,5.48,36,2024-04-05,2027-04-05,Defaulted,6357.09,3007.32
270,60,5,40319.45,8.65,36,2024-07-31,2027-07-31,Approved,8063.89,32255.56
271,279,7,13319.65,13.63,36,2023-06-19,2026-06-19,Approved,2663.93,10655.72
272,23,5,24788.32,6.16,36,2022-06-06,2025-06-06,Paid,10433.52,0.0
273,357,2,8856.83,7.13,60,2022-11-19,2027-11-19,In Progress,1771.37,7085.46
274,388,10,15238.07,3.73,48,2024-08-30,2028-08-30,Paid,9674.74,0.0
275,275,8,30772.14,5.83,36,2024-05-10,2027-05-10,Approved,6154.43,24617.71
276,463,1,27594.57,13.81,60,2022-10-23,2027-10-23,Paid,21971.31,0.0
277,62,8,12779.55,14.81,24,2023-04-02,2025-04-02,Paid,5123.95,0.0
278,217,2,49472.6,8.22,24,2022-08-06,2024-08-06,Paid,25048.43,0.0
279,467,2,8916.23,9.68,60,2022-10-14,2027-10-14,In Progress,1783.25,7132.98
280,142,9,25617.07,13.48,60,2024-10-06,2029-10-06,Paid,23704.72,0.0
281,58,7,11733.9,9.8,60,2023-06-23,2028-06-23,Paid,12340.78,0.0
282,474,2,30320.77,4.21,36,2024-11-20,2027-11-20,Paid,30445.35,0.0
283,450,7,16886.15,10.86,60,2024-06-23,2029-06-23,Paid,5571.97,0.0
284,142,7,11473.37,10.3,48,2023-07-15,2027-07-15,Approved,2294.67,9178.7
285,456,6,36073.12,3.59,48,2025-02-20,2029-02-20,Defaulted,36708.91,-635.79
286,11,6,41782.37,6.64,36,2022-10-05,2025-10-05,Paid,41221.98,0.0
287,351,2,48762.35,5.74,36,2023-07-12,2026-07-12,Defaulted,31914.4,16847.95
288,423,6,17123.9,8.0,12,2025-01-03,2026-01-03,Approved,3424.78,13699.12
289,109,7,38342.52,12.11,36,2025-01-18,2028-01-18,Paid,27308.15,0.0
290,82,2,19000.54,9.08,24,2022-09-05,2024-09-05,Paid,13669.54,0.0
291,292,1,12818.18,13.5,24,2022-09-06,2024-09-06,Paid,6403.86,0.0
292,234,1,46311.4,11.46,36,2024-01-27,2027-01-27,In Progress,9262.28,37049.12
293,238,9,22862.4,14.08,12,2024-11-21,2025-11-21,Approved,4572.48,18289.92
294,251,10,25074.65,14.53,48,2023-07-27,2027-07-27,Paid,14538.48,0.0
295,84,5,38703.25,11.27,36,2023-02-03,2026-02-03,Approved,7740.65,30962.6
296,26,3,43421.96,12.36,24,2024-03-02,2026-03-02,Paid,35514.99,0.0
297,347,4,17108.76,7.91,12,2023-05-07,2024-05-07,Paid,18369.86,0.0
298,350,1,26334.37,4.59,24,2025-03-05,2027-03-05,Paid,8078.62,0.0
299,130,10,41228.85,6.67,36,2024-10-04,2027-10-04,In Progress,8245.77,32983.08
300,193,6,25654.91,5.62,36,2024-03-31,2027-03-31,Paid,24614.57,0.0
301,204,10,9604.04,9.14,36,2022-12-06,2025-12-06,Paid,7443.3,0.0
302,145,5,35798.59,8.78,36,2024-09-05,2027-09-05,Defaulted,29085.49,6713.1
303,442,5,16751.61,11.53,36,2022-09-08,2025-09-08,Approved,3350.32,13401.29
304,265,4,45485.92,12.67,60,2023-09-28,2028-09-28,In Progress,9097.18,36388.74
305,164,3,37457.74,10.86,36,2023-03-30,2026-03-30,Approved,7491.55,29966.19
306,215,7,22472.37,3.42,60,2022-12-28,2027-12-28,Paid,12911.13,0.0
307,366,4,35884.31,10.66,48,2022-09-25,2026-09-25,Defaulted,30052.92,5831.39
308,260,5,43043.87,13.09,60,2023-08-07,2028-08-07,Approved,8608.77,34435.1
309,50,8,10757.49,6.1,60,2023-09-30,2028-09-30,Paid,4802.73,0.0
310,349,6,34449.56,5.67,24,2024-09-23,2026-09-23,Paid,18798.03,0.0
311,404,6,21725.71,10.03,48,2024-10-09,2028-10-09,Paid,14695.91,0.0
312,444,10,31114.09,10.45,48,2023-06-10,2027-06-10,Paid,21791.75,0.0
313,445,7,28842.73,7.96,24,2023-07-04,2025-07-04,Approved,5768.55,23074.18
314,103,6,23413.63,9.83,48,2023-04-13,2027-04-13,Approved,4682.73,18730.9
315,442,3,40052.35,8.85,24,2024-12-14,2026-12-14,In Progress,8010.47,32041.88
316,30,1,25342.4,5.51,24,2025-01-30,2027-01-30,Paid,10814.82,0.0
317,403,2,10823.27,8.2,48,2024-04-07,2028-04-07,In Progress,2164.65,8658.62
318,495,8,22249.24,3.45,24,2023-06-20,2025-06-20,Paid,23585.42,0.0
319,457,6,39058.15,9.37,12,2022-06-15,2023-06-15,Paid,31299.23,0.0
320,128,4,36208.61,7.13,24,2024-03-04,2026-03-04,Approved,7241.72,28966.89
321,258,10,18775.18,3.78,12,2025-01-25,2026-01-25,Approved,3755.04,15020.14
322,149,8,37752.44,10.16,36,2024-03-07,2027-03-07,In Progress,7550.49,30201.95
323,352,3,20422.98,13.82,36,2024-03-05,2027-03-05,Paid,8820.82,0.0
324,465,7,5860.61,5.69,24,2024-03-26,2026-03-26,Approved,1172.12,4688.49
325,12,10,27708.51,4.48,12,2023-11-07,2024-11-07,In Progress,5541.7,22166.81
326,328,5,39706.23,10.48,60,2023-08-11,2028-08-11,Defaulted,32939.33,6766.9
327,335,1,7170.58,4.39,48,2024-04-21,2028-04-21,In Progress,1434.12,5736.46
328,281,5,26347.84,4.84,12,2024-05-29,2025-05-29,In Progress,5269.57,21078.27
329,339,2,34811.73,6.24,60,2023-03-01,2028-03-01,Paid,22107.56,0.0
330,461,2,28021.32,10.41,36,2024-02-22,2027-02-22,Approved,5604.26,22417.06
331,55,8,13939.1,5.4,36,2023-05-11,2026-05-11,Paid,15033.26,0.0
332,184,7,18290.8,3.47,48,2023-12-21,2027-12-21,Defaulted,15557.48,2733.32
333,247,6,15552.74,3.15,12,2023-03-24,2024-03-24,Defaulted,15057.94,494.8
334,343,8,11711.5,4.08,60,2023-10-03,2028-10-03,Approved,2342.3,9369.2
335,371,2,45715.07,10.73,48,2025-01-03,2029-01-03,Defaulted,24540.66,21174.41
336,238,1,9491.4,5.1,12,2022-08-24,2023-08-24,Paid,5582.57,0.0
337,347,6,24169.78,4.39,12,2025-02-08,2026-02-08,Approved,4833.96,19335.82
338,71,3,19789.74,13.73,60,2024-04-10,2029-04-10,Approved,3957.95,15831.79
339,376,2,21768.0,7.11,12,2023-09-05,2024-09-05,In Progress,4353.6,17414.4
340,493,8,17232.49,7.63,48,2023-05-28,2027-05-28,Paid,14114.74,0.0
341,409,3,10087.55,11.35,12,2023-02-14,2024-02-14,Defaulted,9840.2,247.35
342,54,7,46005.2,8.79,60,2023-11-28,2028-11-28,Paid,20472.7,0.0
343,195,6,32511.13,13.35,24,2023-06-25,2025-06-25,In Progress,6502.23,26008.9
344,250,2,44941.73,8.29,12,2023-11-05,2024-11-05,Approved,8988.35,35953.38
345,161,1,36705.57,11.14,60,2022-05-20,2027-05-20,Paid,17588.87,0.0
346,490,6,28359.49,11.26,60,2022-05-17,2027-05-17,Approved,5671.9,22687.59
347,339,4,26686.84,10.96,48,2022-06-02,2026-06-02,Approved,5337.37,21349.47
348,424,9,45142.78,10.35,12,2022-07-16,2023-07-16,Paid,19210.14,0.0
349,435,8,43334.2,13.43,12,2023-06-18,2024-06-18,Paid,24115.79,0.0
350,170,5,7265.78,5.67,48,2025-01-11,2029-01-11,In Progress,1453.16,5812.62
351,121,2,25659.26,12.62,48,2023-04-21,2027-04-21,Approved,5131.85,20527.41
352,256,8,19222.77,14.77,12,2024-12-22,2025-12-22,Approved,3844.55,15378.22
353,212,1,30070.9,3.0,12,2025-04-28,2026-04-28,Paid,32192.01,0.0
354,327,5,45054.99,9.75,48,2023-03-03,2027-03-03,Defaulted,26612.81,18442.18
355,28,4,42994.28,6.98,60,2024-08-05,2029-08-05,Paid,37548.04,0.0
356,187,8,10131.05,12.11,24,2023-03-14,2025-03-14,Approved,2026.21,8104.84
357,182,5,29646.08,7.49,12,2022-07-29,2023-07-29,Approved,5929.22,23716.86
358,85,8,11320.21,11.6,48,2023-10-03,2027-10-03,Approved,2264.04,9056.17
359,313,4,13439.45,14.16,48,2024-11-16,2028-11-16,Approved,2687.89,10751.56
360,423,4,37255.46,4.29,48,2023-10-03,2027-10-03,Approved,7451.09,29804.37
361,325,10,10544.86,13.7,48,2023-02-19,2027-02-19,Paid,11229.77,0.0
362,69,8,5195.19,11.83,60,2022-12-15,2027-12-15,Defaulted,5044.8,150.39
363,248,9,40148.67,13.92,60,2023-04-24,2028-04-24,Approved,8029.73,32118.94
364,418,3,9659.93,10.89,60,2025-02-23,2030-02-23,Paid,6793.71,0.0
365,197,7,49077.53,13.99,24,2023-06-29,2025-06-29,Approved,9815.51,39262.02
366,494,6,48672.12,8.43,24,2025-03-01,2027-03-01,Approved,9734.42,38937.7
367,309,9,18451.09,11.42,36,2022-12-24,2025-12-24,Paid,19344.3,0.0
368,324,4,14040.01,10.49,36,2023-11-19,2026-11-19,Paid,14558.84,0.0
369,68,3,27675.2,11.33,36,2024-07-24,2027-07-24,Paid,25146.24,0.0
370,288,8,31226.28,14.31,48,2024-11-10,2028-11-10,Paid,31697.57,0.0
371,274,5,44486.48,8.07,12,2023-08-13,2024-08-13,Paid,14245.36,0.0
372,75,1,35161.44,5.4,24,2022-06-28,2024-06-28,Defaulted,29771.62,5389.82
373,75,1,36076.77,6.54,60,2024-11-12,2029-11-12,Approved,7215.35,28861.42
374,417,8,9611.6,13.42,60,2023-05-30,2028-05-30,Paid,8592.1,0.0
375,288,7,15691.8,12.41,36,2023-11-01,2026-11-01,Paid,5297.3,0.0
376,196,7,23745.48,12.46,36,2023-01-10,2026-01-10,Defaulted,8145.69,15599.79
377,381,5,14138.93,13.43,48,2023-08-08,2027-08-08,Paid,14551.63,0.0
378,361,6,38979.85,9.56,60,2022-08-25,2027-08-25,Approved,7795.97,31183.88
379,372,4,18238.0,5.13,12,2024-04-21,2025-04-21,Approved,3647.6,14590.4
380,89,9,10370.92,3.49,36,2023-11-24,2026-11-24,Paid,4190.4,0.0
381,300,5,5254.03,8.6,24,2025-01-15,2027-01-15,Approved,1050.81,4203.22
382,476,6,31859.61,12.28,60,2023-05-21,2028-05-21,Paid,17233.62,0.0
383,405,10,29757.21,3.87,36,2024-04-25,2027-04-25,Paid,31708.99,0.0
384,267,2,40381.62,4.91,60,2022-09-26,2027-09-26,Paid,15084.81,0.0
385,114,4,34850.05,6.97,36,2023-03-10,2026-03-10,Approved,6970.01,27880.04
386,386,10,28872.45,14.96,12,2023-10-12,2024-10-12,Approved,5774.49,23097.96
387,178,8,15815.65,10.71,60,2023-03-19,2028-03-19,Approved,3163.13,12652.52
388,21,6,22161.77,12.55,12,2023-07-27,2024-07-27,In Progress,4432.35,17729.42
389,277,5,6111.76,9.2,36,2024-08-12,2027-08-12,Paid,4320.94,0.0
390,250,1,18339.53,10.82,36,2024-08-31,2027-08-31,Paid,19413.67,0.0
391,86,9,28994.26,10.52,24,2023-08-15,2025-08-15,Paid,26641.83,0.0
392,443,7,42604.93,5.47,48,2024-05-23,2028-05-23,Paid,44811.9,0.0
393,383,3,6068.88,11.6,12,2023-10-30,2024-10-30,Approved,1213.78,4855.1
394,28,3,40739.67,9.7,60,2024-07-16,2029-07-16,Paid,41912.53,0.0
395,209,7,25300.65,7.85,36,2024-11-09,2027-11-09,Approved,5060.13,20240.52
396,345,2,29067.55,10.7,60,2024-02-11,2029-02-11,Approved,5813.51,23254.04
397,382,10,7048.26,13.18,36,2024-12-26,2027-12-26,Defaulted,2712.93,4335.33
398,403,5,32295.46,6.38,48,2023-09-08,2027-09-08,In Progress,6459.09,25836.37
399,421,1,26329.45,9.4,24,2023-08-14,2025-08-14,Paid,24681.66,0.0
400,435,9,18274.03,10.61,36,2023-08-10,2026-08-10,Paid,18846.65,0.0
401,408,6,48082.62,3.13,60,2022-07-02,2027-07-02,Approved,9616.52,38466.1
402,22,1,30772.34,7.73,60,2024-08-24,2029-08-24,Defaulted,16732.55,14039.79
403,384,6,14528.16,13.87,60,2024-01-06,2029-01-06,Approved,2905.63,11622.53
404,95,4,32759.82,6.03,12,2025-03-13,2026-03-13,Approved,6551.96,26207.86
405,410,10,43351.3,13.22,60,2023-07-10,2028-07-10,In Progress,8670.26,34681.04
406,282,2,18079.37,3.81,12,2025-01-22,2026-01-22,Approved,3615.87,14463.5
407,298,8,47819.3,7.29,24,2022-10-05,2024-10-05,Approved,9563.86,38255.44
408,318,2,45505.34,6.81,48,2022-07-25,2026-07-25,In Progress,9101.07,36404.27
409,338,5,36205.62,4.83,60,2022-09-29,2027-09-29,In Progress,7241.12,28964.5
410,162,7,12588.78,6.76,24,2024-12-15,2026-12-15,Paid,10230.53,0.0
411,142,6,11043.76,11.8,48,2023-07-01,2027-07-01,In Progress,2208.75,8835.01
412,184,5,26913.71,4.31,60,2025-04-05,2030-04-05,Approved,5382.74,21530.97
413,144,3,45108.37,5.36,12,2023-03-06,2024-03-06,Paid,45725.64,0.0
414,435,9,33423.19,12.75,60,2023-11-19,2028-11-19,In Progress,6684.64,26738.55
415,303,4,45783.66,9.62,60,2024-05-08,2029-05-08,Paid,33501.81,0.0
416,335,3,21461.84,5.68,60,2023-07-28,2028-07-28,Paid,11434.85,0.0
417,238,9,27968.54,7.76,60,2022-05-25,2027-05-25,Approved,5593.71,22374.83
418,123,10,35787.27,12.09,24,2024-08-06,2026-08-06,In Progress,7157.45,28629.82
419,92,10,47692.03,10.91,24,2023-03-15,2025-03-15,Paid,32755.02,0.0
420,184,1,14846.86,8.85,12,2023-12-07,2024-12-07,Approved,2969.37,11877.49
421,120,1,35086.35,9.21,36,2024-07-12,2027-07-12,In Progress,7017.27,28069.08
422,470,8,44669.84,3.48,36,2023-01-27,2026-01-27,Approved,8933.97,35735.87
423,496,9,33510.51,6.28,36,2022-07-28,2025-07-28,Paid,25338.24,0.0
424,193,7,21438.36,10.84,12,2024-02-07,2025-02-07,Paid,12885.81,0.0
425,465,4,28236.73,7.23,36,2022-11-22,2025-11-22,In Progress,5647.35,22589.38
426,247,10,5296.9,13.58,48,2023-07-26,2027-07-26,Approved,1059.38,4237.52
427,40,9,33956.47,5.54,24,2024-10-08,2026-10-08,Approved,6791.29,27165.18
428,309,2,34749.93,7.98,36,2023-09-17,2026-09-17,Paid,23811.11,0.0
429,246,8,14481.68,4.93,48,2025-02-20,2029-02-20,Approved,2896.34,11585.34
430,23,3,30806.89,4.93,60,2024-02-03,2029-02-03,Approved,6161.38,24645.51
431,294,3,7516.04,6.1,24,2023-07-10,2025-07-10,Paid,4692.75,0.0
432,497,10,33693.02,13.54,36,2024-04-28,2027-04-28,Defaulted,15946.06,17746.96
433,311,8,44028.61,5.05,48,2025-03-15,2029-03-15,Paid,41197.26,0.0
434,421,3,33044.53,9.13,24,2022-08-04,2024-08-04,Paid,18972.09,0.0
435,233,10,31576.82,5.76,48,2023-07-04,2027-07-04,Approved,6315.36,25261.46
436,9,4,28522.01,13.91,48,2025-03-30,2029-03-30,Paid,22372.92,0.0
437,91,8,45572.37,10.2,60,2024-11-11,2029-11-11,Paid,17956.11,0.0
438,247,3,45589.31,9.47,12,2023-05-31,2024-05-31,Paid,41937.44,0.0
439,333,7,28491.99,7.44,12,2024-06-06,2025-06-06,Paid,18325.05,0.0
440,481,8,40530.0,7.57,60,2024-10-11,2029-10-11,Paid,41595.42,0.0
441,429,10,9397.26,4.61,48,2023-03-09,2027-03-09,Paid,9661.02,0.0
442,43,5,31923.16,9.52,36,2024-04-17,2027-04-17,Approved,6384.63,25538.53
443,364,1,31009.42,4.41,12,2024-09-22,2025-09-22,In Progress,6201.88,24807.54
444,106,6,23398.03,4.28,48,2023-07-30,2027-07-30,Paid,11767.01,0.0
445,438,9,24060.27,7.39,36,2023-07-17,2026-07-17,Defaulted,14868.36,9191.91
446,105,7,29844.72,9.69,24,2022-06-17,2024-06-17,In Progress,5968.94,23875.78
447,285,8,16419.99,6.68,36,2022-08-13,2025-08-13,Paid,10155.83,0.0
448,71,2,38651.64,8.36,24,2024-01-02,2026-01-02,Approved,7730.33,30921.31
449,261,7,40373.65,12.61,60,2022-05-18,2027-05-18,Paid,34940.65,0.0
450,83,7,48405.66,3.06,12,2022-05-16,2023-05-16,Paid,32786.84,0.0
451,308,7,8966.33,6.16,36,2024-03-25,2027-03-25,Approved,1793.27,7173.06
452,20,7,46880.82,7.81,60,2025-02-10,2030-02-10,Approved,9376.16,37504.66
453,494,10,7585.84,12.28,24,2024-02-26,2026-02-26,Paid,4939.73,0.0
454,104,9,17870.29,3.4,60,2022-11-30,2027-11-30,Paid,15346.29,0.0
455,315,3,35331.1,7.32,12,2022-07-29,2023-07-29,Defaulted,13053.93,22277.17
456,142,7,20890.74,7.74,60,2024-11-07,2029-11-07,Approved,4178.15,16712.59
457,8,2,46362.98,9.6,60,2022-05-16,2027-05-16,Defaulted,26819.88,19543.1
458,494,5,15183.3,14.56,48,2024-09-24,2028-09-24,Defaulted,11538.17,3645.13
459,134,3,23321.06,4.28,12,2025-02-13,2026-02-13,Paid,13339.01,0.0
460,60,9,48051.92,13.51,60,2025-04-14,2030-04-14,Approved,9610.38,38441.54
461,227,7,30342.59,12.24,36,2024-06-20,2027-06-20,Defaulted,20240.9,10101.69
462,236,10,43791.05,8.78,36,2023-03-02,2026-03-02,Approved,8758.21,35032.84
463,325,4,35461.08,5.76,36,2024-07-27,2027-07-27,In Progress,7092.22,28368.86
464,181,9,29104.34,11.41,36,2025-01-20,2028-01-20,Approved,5820.87,23283.47
465,48,7,35316.41,12.85,12,2022-06-04,2023-06-04,Paid,15637.7,0.0
466,161,6,14835.48,9.88,24,2024-12-21,2026-12-21,Defaulted,12558.02,2277.46
467,466,4,27454.97,5.4,24,2024-06-09,2026-06-09,Paid,12778.17,0.0
468,104,4,42635.06,7.27,12,2024-06-30,2025-06-30,Approved,8527.01,34108.05
469,41,8,32622.21,12.17,60,2023-03-10,2028-03-10,Defaulted,31917.85,704.36
470,191,10,19193.76,13.78,60,2022-07-03,2027-07-03,Paid,13294.45,0.0
471,392,9,17612.0,5.67,60,2022-12-11,2027-12-11,Approved,3522.4,14089.6
472,270,7,26524.4,9.49,60,2024-08-17,2029-08-17,In Progress,5304.88,21219.52
473,441,3,25573.82,4.44,60,2025-01-29,2030-01-29,In Progress,5114.76,20459.06
474,353,1,5531.9,5.53,60,2023-10-30,2028-10-30,Approved,1106.38,4425.52
475,186,10,43782.89,5.25,36,2023-05-05,2026-05-05,Approved,8756.58,35026.31
476,242,10,20439.34,5.21,48,2024-06-21,2028-06-21,Approved,4087.87,16351.47
477,359,6,21428.51,7.81,48,2024-08-15,2028-08-15,Approved,4285.7,17142.81
478,68,10,35870.54,12.77,36,2025-02-16,2028-02-16,Paid,26697.44,0.0
479,439,7,13822.84,12.6,24,2023-10-26,2025-10-26,In Progress,2764.57,11058.27
480,5,3,23968.43,4.61,60,2022-05-15,2027-05-15,Paid,13244.52,0.0
481,250,5,16293.83,13.3,12,2025-04-11,2026-04-11,In Progress,3258.77,13035.06
482,354,3,7701.64,12.77,48,2023-08-14,2027-08-14,Paid,2903.84,0.0
483,382,6,16689.61,7.32,60,2024-09-13,2029-09-13,Defaulted,8447.81,8241.8
484,11,7,10455.69,13.41,60,2022-10-08,2027-10-08,Approved,2091.14,8364.55
485,295,9,12854.25,12.36,36,2022-07-19,2025-07-19,In Progress,2570.85,10283.4
486,262,8,39863.5,8.36,12,2024-06-23,2025-06-23,In Progress,7972.7,31890.8
487,147,8,33427.05,4.74,24,2023-03-11,2025-03-11,Paid,34859.51,0.0
488,216,10,30723.69,13.19,12,2022-07-14,2023-07-14,Approved,6144.74,24578.95
489,176,4,19106.69,10.84,36,2023-12-14,2026-12-14,Paid,11776.68,0.0
490,455,8,40143.83,14.27,60,2024-03-05,2029-03-05,Paid,26504.2,0.0
491,86,3,43439.53,4.5,24,2023-04-08,2025-04-08,Paid,45713.58,0.0
492,359,2,14475.72,7.76,12,2024-03-21,2025-03-21,Approved,2895.14,11580.58
493,450,8,29679.52,3.32,48,2024-09-15,2028-09-15,Paid,32552.82,0.0
494,54,5,32814.6,4.01,48,2022-12-01,2026-12-01,In Progress,6562.92,26251.68
495,127,5,24942.22,4.52,60,2025-04-18,2030-04-18,Paid,8052.77,0.0
496,340,6,43716.6,6.9,48,2023-12-31,2027-12-31,In Progress,8743.32,34973.28
497,446,9,47068.59,9.58,24,2025-03-14,2027-03-14,Defaulted,40389.48,6679.11
498,91,10,31891.29,10.57,60,2022-08-27,2027-08-27,In Progress,6378.26,25513.03
499,328,9,18934.76,7.17,60,2022-10-20,2027-10-20,Approved,3786.95,15147.81
500,46,8,18854.07,7.95,24,2022-06-21,2024-06-21,In Progress,3770.81,15083.26
501,1,9,41692.09,13.18,36,2023-04-13,2026-04-13,Approved,8338.42,33353.67
502,274,1,35949.65,8.9,48,2023-07-27,2027-07-27,Approved,7189.93,28759.72
503,393,7,40908.41,10.16,12,2025-01-04,2026-01-04,Paid,18443.83,0.0
504,452,9,24669.79,6.0,48,2023-07-10,2027-07-10,Paid,11754.51,0.0
505,41,7,33139.54,9.2,60,2022-06-03,2027-06-03,Paid,28092.79,0.0
506,146,9,41396.39,7.95,12,2024-05-12,2025-05-12,Approved,8279.28,33117.11
507,149,2,33660.17,10.41,36,2024-12-22,2027-12-22,Paid,23346.59,0.0
508,165,1,11846.72,14.64,12,2024-01-21,2025-01-21,Approved,2369.34,9477.38
509,53,5,17113.78,11.58,12,2024-05-13,2025-05-13,Approved,3422.76,13691.02
510,78,1,27211.08,7.1,36,2022-12-08,2025-12-08,Paid,19012.83,0.0
511,191,8,36362.07,3.38,12,2023-08-01,2024-08-01,Paid,38591.62,0.0
512,29,5,39904.38,3.86,48,2024-07-02,2028-07-02,Approved,7980.88,31923.5
513,459,5,41776.28,12.94,12,2022-12-11,2023-12-11,Defaulted,36418.31,5357.97
514,198,8,16122.3,14.93,24,2022-06-22,2024-06-22,In Progress,3224.46,12897.84
515,395,2,28451.26,14.79,48,2025-01-27,2029-01-27,In Progress,5690.25,22761.01
516,493,5,47129.69,4.9,12,2024-07-15,2025-07-15,Paid,34860.13,0.0
517,63,5,26655.33,6.59,36,2024-05-02,2027-05-02,Paid,26413.46,0.0
518,112,2,15618.46,8.21,12,2023-05-27,2024-05-27,Approved,3123.69,12494.77
519,142,10,10384.23,12.47,12,2024-10-06,2025-10-06,Defaulted,7942.5,2441.73
520,354,8,35978.29,4.86,12,2023-03-05,2024-03-05,Approved,7195.66,28782.63
521,256,2,35867.51,7.06,12,2023-08-04,2024-08-04,Approved,7173.5,28694.01
522,331,3,36559.77,12.5,24,2023-03-09,2025-03-09,In Progress,7311.95,29247.82
523,163,9,40485.28,12.08,48,2022-05-19,2026-05-19,Paid,12837.16,0.0
524,194,6,37597.96,6.01,12,2024-12-31,2025-12-31,In Progress,7519.59,30078.37
525,225,9,18262.16,11.36,24,2023-04-24,2025-04-24,Paid,13420.8,0.0
526,166,8,17389.6,12.98,60,2024-02-24,2029-02-24,Approved,3477.92,13911.68
527,272,3,25222.29,12.83,60,2023-10-02,2028-10-02,In Progress,5044.46,20177.83
528,1,9,22056.96,5.23,12,2023-12-09,2024-12-09,Paid,13041.4,0.0
529,318,4,19431.23,3.76,60,2024-01-26,2029-01-26,Paid,8780.89,0.0
530,350,8,39458.03,4.85,36,2024-07-17,2027-07-17,In Progress,7891.61,31566.42
531,329,6,9970.89,9.28,12,2022-08-21,2023-08-21,Approved,1994.18,7976.71
532,481,3,13038.75,3.38,12,2023-07-16,2024-07-16,In Progress,2607.75,10431.0
533,51,1,30695.55,13.04,48,2024-11-02,2028-11-02,Paid,26430.44,0.0
534,132,1,21485.93,10.27,12,2025-01-29,2026-01-29,Approved,4297.19,17188.74
535,472,4,34508.72,14.14,12,2024-05-30,2025-05-30,In Progress,6901.74,27606.98
536,328,1,21241.67,11.92,48,2024-12-08,2028-12-08,Paid,19869.45,0.0
537,30,10,16961.7,3.49,12,2024-02-16,2025-02-16,Paid,6146.04,0.0
538,111,9,9370.37,11.7,60,2022-05-12,2027-05-12,In Progress,1874.07,7496.3
539,99,9,34559.44,9.84,24,2023-04-03,2025-04-03,Paid,25799.08,0.0
540,383,2,39482.75,9.92,48,2022-06-29,2026-06-29,Paid,25334.5,0.0
541,54,3,40660.77,9.6,60,2023-01-24,2028-01-24,In Progress,8132.15,32528.62
542,81,9,49929.51,8.32,36,2023-09-28,2026-09-28,Defaulted,36951.09,12978.42
543,167,6,23555.45,10.6,36,2022-05-09,2025-05-09,Paid,17678.74,0.0
544,110,7,39456.87,14.11,36,2024-03-03,2027-03-03,In Progress,7891.37,31565.5
545,232,8,48192.1,3.0,12,2023-08-20,2024-08-20,Defaulted,37426.48,10765.62
546,266,3,49703.54,6.62,36,2022-05-31,2025-05-31,Defaulted,23453.03,26250.51
547,162,1,39718.54,14.32,36,2022-11-14,2025-11-14,Defaulted,28161.13,11557.41
548,293,10,11962.17,3.45,36,2023-11-08,2026-11-08,Approved,2392.43,9569.74
549,136,6,45033.14,6.0,36,2023-01-09,2026-01-09,Paid,16820.96,0.0
550,205,10,46304.68,11.81,36,2024-06-11,2027-06-11,Paid,20296.36,0.0
551,423,10,41878.19,4.14,36,2025-04-19,2028-04-19,Approved,8375.64,33502.55
552,414,10,22169.57,12.36,36,2023-06-20,2026-06-20,In Progress,4433.91,17735.66
553,419,7,23743.48,13.41,24,2023-01-04,2025-01-04,Paid,23258.7,0.0
554,476,1,33524.92,10.59,12,2022-11-15,2023-11-15,In Progress,6704.98,26819.94
555,22,6,29296.84,4.79,60,2024-01-22,2029-01-22,Paid,12379.61,0.0
556,345,7,48696.81,12.03,60,2023-12-17,2028-12-17,Paid,23260.93,0.0
557,149,7,11660.56,7.03,48,2023-05-15,2027-05-15,Paid,3958.16,0.0
558,205,5,8828.55,9.02,24,2024-11-07,2026-11-07,Paid,6045.24,0.0
559,102,8,22789.35,9.86,60,2023-03-23,2028-03-23,Paid,20249.12,0.0
560,127,4,8223.98,12.32,36,2024-01-15,2027-01-15,Paid,6256.92,0.0
561,58,7,24059.33,7.18,36,2022-12-10,2025-12-10,In Progress,4811.87,19247.46
562,336,1,39635.66,5.03,36,2023-12-22,2026-12-22,Paid,43287.19,0.0
563,227,10,11561.83,3.54,24,2023-04-29,2025-04-29,Approved,2312.37,9249.46
564,192,3,39098.02,13.23,12,2025-01-09,2026-01-09,Paid,19331.57,0.0
565,318,3,44093.86,12.84,12,2025-02-28,2026-02-28,In Progress,8818.77,35275.09
566,412,2,18730.31,8.65,36,2024-05-26,2027-05-26,Approved,3746.06,14984.25
567,276,4,14171.06,9.28,36,2025-04-01,2028-04-01,Paid,11314.65,0.0
568,73,1,21947.3,13.87,60,2024-11-14,2029-11-14,Approved,4389.46,17557.84
569,88,1,17780.61,12.47,60,2025-02-15,2030-02-15,Approved,3556.12,14224.49
570,239,1,7996.9,10.92,36,2025-04-16,2028-04-16,Paid,2521.12,0.0
571,445,7,15402.59,7.57,12,2024-11-26,2025-11-26,Defaulted,10592.82,4809.77
572,306,9,8960.93,5.39,48,2022-10-05,2026-10-05,Paid,7795.79,0.0
573,21,4,46502.16,6.66,48,2022-07-28,2026-07-28,In Progress,9300.43,37201.73
574,81,1,20605.1,7.22,36,2025-02-12,2028-02-12,Approved,4121.02,16484.08
575,257,5,41535.18,10.51,48,2022-09-16,2026-09-16,Paid,39536.79,0.0
576,16,9,47710.24,5.71,36,2023-08-22,2026-08-22,Paid,39386.97,0.0
577,45,7,28432.3,11.14,24,2023-08-10,2025-08-10,In Progress,5686.46,22745.84
578,294,3,24190.92,6.75,60,2025-02-07,2030-02-07,In Progress,4838.18,19352.74
579,278,3,14304.08,4.66,60,2023-08-08,2028-08-08,Paid,6606.31,0.0
580,71,5,35983.94,13.78,24,2024-09-17,2026-09-17,In Progress,7196.79,28787.15
581,466,3,34530.43,9.78,24,2022-07-02,2024-07-02,In Progress,6906.09,27624.34
582,286,9,47687.07,4.42,36,2023-07-17,2026-07-17,Paid,19857.77,0.0
583,16,6,44605.94,7.97,48,2023-01-16,2027-01-16,In Progress,8921.19,35684.75
584,382,5,11838.07,5.26,24,2024-06-11,2026-06-11,Approved,2367.61,9470.46
585,391,10,32762.59,10.27,60,2024-12-21,2029-12-21,Approved,6552.52,26210.07
586,119,4,35932.0,7.31,48,2022-10-25,2026-10-25,Approved,7186.4,28745.6
587,434,10,26094.36,10.79,24,2025-03-15,2027-03-15,Paid,18087.47,0.0
588,71,3,13696.69,3.39,12,2024-06-26,2025-06-26,Defaulted,14520.66,-823.97
589,114,4,39099.95,3.79,48,2024-09-19,2028-09-19,Paid,27055.38,0.0
590,167,8,44941.41,8.13,12,2024-03-14,2025-03-14,Paid,43119.61,0.0
591,369,6,22736.78,14.27,60,2024-11-09,2029-11-09,Paid,16374.67,0.0
592,449,1,28429.21,8.42,12,2023-07-03,2024-07-03,Paid,14117.3,0.0
593,276,7,49272.38,3.47,48,2023-10-09,2027-10-09,Paid,39640.56,0.0
594,26,4,18103.07,7.78,36,2025-01-31,2028-01-31,Paid,9571.67,0.0
595,86,7,18248.89,14.03,60,2023-04-02,2028-04-02,Defaulted,12242.51,6006.38
596,331,8,9069.84,9.01,24,2024-04-26,2026-04-26,Paid,9525.82,0.0
597,357,9,11088.8,7.96,48,2025-03-25,2029-03-25,Approved,2217.76,8871.04
598,233,10,45347.79,13.75,48,2024-12-15,2028-12-15,Approved,9069.56,36278.23
599,166,3,37326.86,4.48,12,2023-05-03,2024-05-03,Paid,30132.4,0.0
600,44,9,36827.56,11.72,60,2023-11-27,2028-11-27,Paid,15759.24,0.0
601,282,7,6975.77,5.05,36,2024-10-21,2027-10-21,Paid,5773.32,0.0
602,77,3,44096.83,5.15,12,2024-04-18,2025-04-18,In Progress,8819.37,35277.46
603,159,8,17995.12,5.17,24,2025-03-29,2027-03-29,Defaulted,5449.4,12545.72
604,392,5,5549.35,8.97,48,2024-07-01,2028-07-01,Paid,1690.33,0.0
605,452,8,15704.53,10.07,48,2024-03-01,2028-03-01,In Progress,3140.91,12563.62
606,227,2,32054.75,3.08,60,2024-02-03,2029-02-03,Approved,6410.95,25643.8
607,322,9,41905.46,5.49,24,2023-07-12,2025-07-12,Approved,8381.09,33524.37
608,335,6,6652.45,13.25,60,2022-11-30,2027-11-30,Paid,3584.03,0.0
609,472,2,7206.41,8.0,24,2023-05-12,2025-05-12,Approved,1441.28,5765.13
610,146,10,34741.61,11.4,60,2022-10-17,2027-10-17,Paid,15353.55,0.0
611,234,10,21208.49,3.43,36,2024-11-19,2027-11-19,In Progress,4241.7,16966.79
612,460,7,41911.91,12.1,60,2024-01-31,2029-01-31,Approved,8382.38,33529.53
613,242,3,10491.05,13.31,36,2024-01-26,2027-01-26,Paid,7550.59,0.0
614,357,4,32542.42,4.31,60,2023-03-11,2028-03-11,Defaulted,22354.38,10188.04
615,353,10,47025.13,14.84,36,2023-08-03,2026-08-03,In Progress,9405.03,37620.1
616,435,6,16684.7,9.9,60,2025-02-26,2030-02-26,In Progress,3336.94,13347.76
617,67,10,30318.55,9.24,48,2024-12-20,2028-12-20,In Progress,6063.71,24254.84
618,93,10,15472.47,6.49,24,2023-11-14,2025-11-14,Approved,3094.49,12377.98
619,13,8,33145.73,4.42,24,2022-05-23,2024-05-23,Paid,36433.44,0.0
620,212,1,20020.65,9.72,24,2023-09-07,2025-09-07,Approved,4004.13,16016.52
621,104,5,16448.79,3.81,36,2024-07-28,2027-07-28,Paid,9197.16,0.0
622,4,2,35862.61,7.1,60,2024-05-19,2029-05-19,Paid,11594.16,0.0
623,90,4,19873.17,7.06,48,2024-11-25,2028-11-25,Defaulted,18637.13,1236.04
624,331,3,26667.3,10.53,60,2022-07-19,2027-07-19,Paid,17866.45,0.0
625,417,7,46750.55,3.67,60,2025-01-01,2030-01-01,Approved,9350.11,37400.44
626,372,6,29982.97,3.22,60,2023-10-30,2028-10-30,Paid,28172.85,0.0
627,455,6,7979.59,4.79,12,2023-02-25,2024-02-25,In Progress,1595.92,6383.67
628,193,9,42908.26,9.85,48,2022-10-03,2026-10-03,Approved,8581.65,34326.61
629,60,5,36736.98,6.77,12,2022-09-12,2023-09-12,Approved,7347.4,29389.58
630,45,8,44467.19,7.46,36,2025-01-27,2028-01-27,Approved,8893.44,35573.75
631,155,3,10050.41,12.42,24,2023-09-21,2025-09-21,Defaulted,6583.21,3467.2
632,13,8,45723.01,4.85,36,2024-06-07,2027-06-07,Defaulted,40508.43,5214.58
633,269,5,39898.99,4.72,12,2022-08-22,2023-08-22,Paid,41910.66,0.0
634,347,3,14233.42,3.44,48,2023-05-09,2027-05-09,Paid,10217.83,0.0
635,3,5,46955.18,11.24,60,2023-02-18,2028-02-18,Paid,26606.3,0.0
636,456,1,9639.63,12.19,36,2023-04-27,2026-04-27,Approved,1927.93,7711.7
637,389,5,33748.29,5.52,24,2025-04-09,2027-04-09,Approved,6749.66,26998.63
638,142,9,19361.74,8.29,12,2023-08-15,2024-08-15,Approved,3872.35,15489.39
639,81,5,10150.72,14.5,60,2022-05-20,2027-05-20,Paid,4722.74,0.0
640,180,9,19331.82,4.7,36,2023-08-02,2026-08-02,Paid,8448.39,0.0
641,160,10,45150.94,9.49,12,2022-10-13,2023-10-13,Approved,9030.19,36120.75
642,242,1,9766.71,3.65,48,2022-08-09,2026-08-09,In Progress,1953.34,7813.37
643,361,10,45107.42,10.55,48,2025-01-15,2029-01-15,Paid,24806.94,0.0
644,419,4,37080.44,11.05,60,2024-03-05,2029-03-05,Approved,7416.09,29664.35
645,473,8,30550.52,4.11,48,2025-03-23,2029-03-23,Approved,6110.1,24440.42
646,159,8,26174.56,14.37,24,2023-08-19,2025-08-19,Paid,20770.92,0.0
647,468,6,22643.46,11.4,36,2023-05-14,2026-05-14,Paid,22777.58,0.0
648,233,8,6361.89,8.7,36,2024-12-08,2027-12-08,In Progress,1272.38,5089.51
649,434,3,17701.58,7.18,60,2024-07-19,2029-07-19,Approved,3540.32,14161.26
650,53,7,41789.88,12.56,36,2022-11-05,2025-11-05,Paid,14908.09,0.0
651,155,9,25743.87,10.09,24,2024-06-11,2026-06-11,Paid,19008.22,0.0
652,499,8,22271.74,7.09,60,2024-03-17,2029-03-17,In Progress,4454.35,17817.39
653,223,10,40429.7,9.53,24,2022-07-08,2024-07-08,Approved,8085.94,32343.76
654,343,2,38271.52,11.54,48,2024-06-29,2028-06-29,Approved,7654.3,30617.22
655,306,8,19642.01,4.17,48,2023-05-11,2027-05-11,Approved,3928.4,15713.61
656,490,7,8132.34,4.3,60,2023-11-27,2028-11-27,Paid,4904.85,0.0
657,254,1,9073.99,12.8,60,2023-07-29,2028-07-29,Defaulted,7340.01,1733.98
658,1,3,34739.66,8.44,36,2023-04-24,2026-04-24,In Progress,6947.93,27791.73
659,296,8,13805.0,11.18,36,2024-06-18,2027-06-18,Approved,2761.0,11044.0
660,407,5,46332.57,14.24,36,2024-04-04,2027-04-04,Defaulted,35499.16,10833.41
661,314,9,23188.88,4.53,36,2023-06-04,2026-06-04,Approved,4637.78,18551.1
662,462,9,48555.48,3.01,60,2024-08-28,2029-08-28,Paid,28521.28,0.0
663,441,5,43955.58,5.82,60,2023-08-23,2028-08-23,In Progress,8791.12,35164.46
664,163,7,23271.47,8.22,24,2024-02-08,2026-02-08,Paid,15822.21,0.0
665,97,9,22306.78,14.09,48,2023-12-13,2027-12-13,Approved,4461.36,17845.42
666,447,3,11042.49,3.86,12,2023-09-23,2024-09-23,Approved,2208.5,8833.99
667,454,8,34606.7,14.7,24,2025-03-06,2027-03-06,Approved,6921.34,27685.36
668,329,7,43706.87,13.72,60,2024-03-06,2029-03-06,Defaulted,34904.25,8802.62
669,233,9,24085.61,12.84,48,2025-02-06,2029-02-06,In Progress,4817.12,19268.49
670,96,7,32205.8,9.94,24,2023-01-29,2025-01-29,Paid,16598.88,0.0
671,475,9,30935.86,3.4,12,2022-12-30,2023-12-30,Paid,26725.68,0.0
672,58,10,26668.98,11.29,24,2023-06-28,2025-06-28,Paid,19231.71,0.0
673,440,5,25922.13,3.94,60,2022-05-18,2027-05-18,Approved,5184.43,20737.7
674,242,2,35783.33,9.47,60,2022-10-11,2027-10-11,In Progress,7156.67,28626.66
675,28,6,29076.5,3.13,48,2022-10-18,2026-10-18,Paid,19637.86,0.0
676,376,6,23945.72,14.53,36,2024-03-04,2027-03-04,Approved,4789.14,19156.58
677,19,10,38724.14,11.72,60,2024-02-12,2029-02-12,Approved,7744.83,30979.31
678,323,8,31016.35,9.87,36,2022-05-21,2025-05-21,Paid,24796.13,0.0
679,147,8,8712.96,9.07,36,2024-08-09,2027-08-09,Approved,1742.59,6970.37
680,316,5,17384.77,6.08,12,2024-10-19,2025-10-19,Paid,17873.37,0.0
681,379,3,34662.0,7.44,24,2022-06-17,2024-06-17,Approved,6932.4,27729.6
682,359,4,26821.33,12.59,12,2024-08-12,2025-08-12,In Progress,5364.27,21457.06
683,44,3,31799.48,12.86,48,2023-06-14,2027-06-14,Paid,20045.07,0.0
684,197,4,34730.03,11.71,24,2023-12-26,2025-12-26,Approved,6946.01,27784.02
685,376,6,7444.66,6.17,12,2022-05-09,2023-05-09,Approved,1488.93,5955.73
686,238,7,26430.44,8.72,60,2023-04-15,2028-04-15,Approved,5286.09,21144.35
687,350,7,26356.53,4.74,48,2025-04-22,2029-04-22,Approved,5271.31,21085.22
688,475,8,22190.18,6.79,60,2023-04-08,2028-04-08,Paid,7385.2,0.0
689,470,9,33684.09,14.47,48,2025-03-22,2029-03-22,Paid,27676.62,0.0
690,140,6,17164.68,12.63,36,2024-04-20,2027-04-20,Paid,10520.63,0.0
691,396,4,38044.11,10.06,24,2023-08-04,2025-08-04,Paid,32039.78,0.0
692,93,6,29642.56,11.07,12,2022-07-06,2023-07-06,Approved,5928.51,23714.05
693,51,9,9675.83,8.35,24,2025-01-30,2027-01-30,Paid,4852.59,0.0
694,18,1,32872.88,3.68,60,2022-05-19,2027-05-19,Paid,31833.02,0.0
695,487,10,33713.73,11.5,12,2022-12-09,2023-12-09,Approved,6742.75,26970.98
696,310,3,21918.13,12.17,60,2024-06-20,2029-06-20,Paid,9815.27,0.0
697,57,3,16400.11,8.6,12,2023-08-06,2024-08-06,Paid,17025.88,0.0
698,142,7,36149.97,11.01,36,2024-03-28,2027-03-28,Approved,7229.99,28919.98
699,400,2,17477.94,3.75,48,2024-10-26,2028-10-26,In Progress,3495.59,13982.35
700,31,5,48002.26,6.18,48,2023-01-26,2027-01-26,Approved,9600.45,38401.81
701,476,4,32463.58,5.14,48,2024-11-20,2028-11-20,Approved,6492.72,25970.86
702,277,7,14827.39,10.72,48,2024-07-06,2028-07-06,Paid,5673.4,0.0
703,38,2,30710.51,6.01,48,2022-06-23,2026-06-23,Approved,6142.1,24568.41
704,255,3,34378.94,3.01,12,2024-11-03,2025-11-03,Paid,17641.53,0.0
705,359,6,45707.79,9.9,60,2024-08-28,2029-08-28,Paid,41904.56,0.0
706,245,7,23176.07,11.73,12,2024-07-23,2025-07-23,Paid,7014.14,0.0
707,489,8,10454.16,9.42,36,2025-02-02,2028-02-02,In Progress,2090.83,8363.33
708,156,7,7483.76,14.96,12,2023-09-29,2024-09-29,In Progress,1496.75,5987.01
709,437,6,8620.56,8.52,36,2022-09-19,2025-09-19,Paid,3804.21,0.0
710,21,7,34733.03,6.59,48,2024-02-06,2028-02-06,Paid,27942.5,0.0
711,184,8,8818.81,10.59,24,2025-04-05,2027-04-05,Approved,1763.76,7055.05
712,99,1,37388.26,10.12,48,2024-05-16,2028-05-16,In Progress,7477.65,29910.61
713,406,9,33953.34,9.0,48,2023-05-26,2027-05-26,Defaulted,10631.97,23321.37
714,174,1,20197.34,11.65,48,2024-10-27,2028-10-27,Approved,4039.47,16157.87
715,414,9,25626.67,11.14,60,2022-11-10,2027-11-10,Approved,5125.33,20501.34
716,297,4,46616.71,3.44,24,2024-11-17,2026-11-17,In Progress,9323.34,37293.37
717,10,8,45823.05,10.42,24,2023-12-20,2025-12-20,Paid,18532.22,0.0
718,89,1,45709.81,12.85,12,2024-06-08,2025-06-08,In Progress,9141.96,36567.85
719,88,10,7878.09,12.81,12,2023-05-10,2024-05-10,In Progress,1575.62,6302.47
720,410,10,14925.76,12.65,48,2023-12-16,2027-12-16,In Progress,2985.15,11940.61
721,428,7,19590.57,14.71,60,2023-08-05,2028-08-05,Paid,10917.27,0.0
722,494,4,39390.25,10.12,36,2023-05-26,2026-05-26,Approved,7878.05,31512.2
723,141,3,39089.75,5.02,36,2024-01-01,2027-01-01,Paid,25444.65,0.0
724,474,10,6831.45,4.2,60,2024-04-01,2029-04-01,In Progress,1366.29,5465.16
725,81,1,44583.21,3.97,12,2024-01-10,2025-01-10,Approved,8916.64,35666.57
726,46,10,44911.18,7.99,48,2024-08-16,2028-08-16,Paid,20880.47,0.0
727,328,5,28538.91,7.94,24,2023-12-07,2025-12-07,Paid,9420.61,0.0
728,93,8,32542.24,4.06,36,2024-07-03,2027-07-03,In Progress,6508.45,26033.79
729,3,9,15603.76,4.41,60,2025-03-28,2030-03-28,Defaulted,12407.12,3196.64
730,442,9,27839.33,8.57,24,2023-04-09,2025-04-09,Approved,5567.87,22271.46
731,100,2,40847.58,11.22,48,2022-06-28,2026-06-28,In Progress,8169.52,32678.06
732,82,1,7431.24,7.37,24,2023-06-18,2025-06-18,In Progress,1486.25,5944.99
733,172,10,41231.92,12.1,12,2023-10-16,2024-10-16,Approved,8246.38,32985.54
734,27,9,12914.94,12.43,48,2023-02-10,2027-02-10,Paid,4606.6,0.0
735,121,8,31671.8,6.91,24,2022-10-02,2024-10-02,Paid,32264.01,0.0
736,118,2,19675.95,4.18,48,2022-08-15,2026-08-15,Paid,11813.95,0.0
737,113,2,26194.56,8.81,48,2024-07-23,2028-07-23,Approved,5238.91,20955.65
738,476,10,25474.59,7.65,24,2024-09-26,2026-09-26,In Progress,5094.92,20379.67
739,100,6,48900.02,5.43,24,2024-08-01,2026-08-01,Approved,9780.0,39120.02
740,292,1,17627.19,4.33,48,2024-07-19,2028-07-19,In Progress,3525.44,14101.75
741,88,6,14893.41,6.54,24,2024-09-15,2026-09-15,Paid,12069.61,0.0
742,314,3,31015.47,9.63,24,2022-05-27,2024-05-27,Approved,6203.09,24812.38
743,439,9,27014.6,14.95,60,2024-12-10,2029-12-10,In Progress,5402.92,21611.68
744,237,5,5652.67,8.14,24,2022-07-01,2024-07-01,Approved,1130.53,4522.14
745,223,10,15008.3,14.13,24,2024-08-17,2026-08-17,Defaulted,15287.48,-279.18
746,214,1,6802.64,8.65,60,2023-04-27,2028-04-27,Approved,1360.53,5442.11
747,272,7,26567.12,12.58,12,2023-04-02,2024-04-02,In Progress,5313.42,21253.7
748,124,2,30131.91,3.15,48,2024-11-10,2028-11-10,Defaulted,12238.67,17893.24
749,152,4,34143.81,4.09,48,2025-05-05,2029-05-05,Paid,14662.8,0.0
750,236,10,38627.9,3.29,48,2022-06-12,2026-06-12,In Progress,7725.58,30902.32
751,71,7,13322.56,13.46,48,2024-08-26,2028-08-26,Paid,4011.3,0.0
752,322,2,22319.57,11.29,60,2022-07-14,2027-07-14,Approved,4463.91,17855.66
753,219,5,36412.47,10.35,60,2024-07-15,2029-07-15,Paid,33869.19,0.0
754,42,10,44638.13,11.83,12,2022-08-30,2023-08-30,Paid,45888.14,0.0
755,187,1,9993.49,7.39,60,2023-12-31,2028-12-31,Approved,1998.7,7994.79
756,188,3,34167.77,11.46,60,2022-06-06,2027-06-06,Paid,15845.99,0.0
757,172,4,29283.52,10.79,60,2023-06-02,2028-06-02,Paid,25250.44,0.0
758,386,4,19420.87,13.78,60,2023-02-07,2028-02-07,Paid,10132.18,0.0
759,33,6,20535.2,8.83,60,2022-06-15,2027-06-15,Paid,13884.49,0.0
760,273,9,45475.3,8.42,36,2023-12-12,2026-12-12,Paid,48035.21,0.0
761,415,2,13475.91,13.61,12,2023-11-04,2024-11-04,Approved,2695.18,10780.73
762,460,3,17976.77,14.48,12,2022-09-05,2023-09-05,Approved,3595.35,14381.42
763,58,3,27334.79,13.5,60,2024-12-12,2029-12-12,Defaulted,8696.62,18638.17
764,214,9,46927.47,8.69,48,2025-03-06,2029-03-06,In Progress,9385.49,37541.98
765,331,1,18118.26,3.76,24,2023-12-31,2025-12-31,Paid,12967.17,0.0
766,172,7,31041.71,10.87,36,2023-09-02,2026-09-02,In Progress,6208.34,24833.37
767,341,9,42885.85,8.34,36,2024-11-03,2027-11-03,Paid,43684.62,0.0
768,157,3,40517.05,5.72,36,2024-09-28,2027-09-28,Defaulted,37105.51,3411.54
769,25,3,20890.44,8.47,24,2024-06-13,2026-06-13,Paid,8954.31,0.0
770,275,5,13202.62,5.1,24,2025-01-07,2027-01-07,Approved,2640.52,10562.1
771,60,1,49719.79,9.89,48,2024-07-03,2028-07-03,Approved,9943.96,39775.83
772,95,4,30311.93,3.42,36,2024-11-10,2027-11-10,Defaulted,12681.16,17630.77
773,230,9,48895.96,9.4,12,2023-03-09,2024-03-09,Defaulted,30493.96,18402.0
774,256,3,47650.51,14.13,24,2022-10-31,2024-10-31,Approved,9530.1,38120.41
775,379,9,48902.05,6.98,36,2023-05-30,2026-05-30,In Progress,9780.41,39121.64
776,149,10,35009.95,12.59,48,2024-09-06,2028-09-06,In Progress,7001.99,28007.96
777,58,8,45507.85,4.67,60,2024-05-26,2029-05-26,Approved,9101.57,36406.28
778,13,7,32788.49,5.64,36,2022-11-01,2025-11-01,Approved,6557.7,26230.79
779,29,10,33859.07,10.0,24,2024-10-30,2026-10-30,Paid,30936.22,0.0
780,101,1,8761.53,13.19,12,2024-09-12,2025-09-12,Defaulted,5393.06,3368.47
781,252,6,32142.73,9.14,12,2024-09-09,2025-09-09,Defaulted,18927.31,13215.42
782,76,7,21633.35,7.47,36,2025-02-07,2028-02-07,In Progress,4326.67,17306.68
783,158,8,44343.58,4.05,48,2023-06-02,2027-06-02,Paid,28046.77,0.0
784,227,5,12370.57,11.74,48,2022-10-10,2026-10-10,Paid,7810.22,0.0
785,428,10,31907.11,4.72,36,2024-03-26,2027-03-26,In Progress,6381.42,25525.69
786,445,9,49398.73,3.79,60,2023-12-07,2028-12-07,Paid,18315.01,0.0
787,210,5,23653.13,9.67,60,2023-12-04,2028-12-04,Paid,9686.94,0.0
788,96,7,18025.84,8.89,36,2022-12-03,2025-12-03,Paid,9790.4,0.0
789,287,8,15103.41,12.49,24,2023-01-19,2025-01-19,Approved,3020.68,12082.73
790,490,8,10587.96,10.99,36,2023-12-23,2026-12-23,In Progress,2117.59,8470.37
791,252,4,6279.92,12.18,48,2023-10-25,2027-10-25,Defaulted,2219.2,4060.72
792,382,6,31147.96,9.79,36,2023-07-02,2026-07-02,Paid,21206.55,0.0
793,356,2,21794.1,11.8,12,2024-06-04,2025-06-04,Paid,9377.52,0.0
794,30,3,19385.65,13.54,24,2025-03-07,2027-03-07,In Progress,3877.13,15508.52
795,28,5,21252.36,10.63,36,2024-01-04,2027-01-04,Approved,4250.47,17001.89
796,150,9,33752.59,3.92,24,2024-01-29,2026-01-29,Paid,15073.84,0.0
797,49,10,38868.28,9.52,36,2023-05-19,2026-05-19,Paid,32959.28,0.0
798,155,5,35844.97,11.26,12,2023-03-30,2024-03-30,Paid,20836.81,0.0
799,74,1,11162.73,6.38,48,2023-09-11,2027-09-11,In Progress,2232.55,8930.18
800,472,3,9608.8,4.85,24,2023-03-09,2025-03-09,Paid,8994.66,0.0
801,287,10,36034.38,14.43,60,2022-07-28,2027-07-28,Paid,31054.86,0.0
802,411,2,23780.58,13.99,12,2023-11-01,2024-11-01,Paid,24701.55,0.0
803,246,6,19020.81,7.35,48,2023-03-10,2027-03-10,Paid,14800.45,0.0
804,391,6,12749.32,6.66,12,2024-03-13,2025-03-13,Approved,2549.86,10199.46
805,439,3,35962.12,6.69,24,2023-07-18,2025-07-18,Approved,7192.42,28769.7
806,41,7,36086.82,12.41,12,2023-05-29,2024-05-29,Approved,7217.36,28869.46
807,248,7,6913.26,4.29,60,2023-11-06,2028-11-06,Paid,4668.29,0.0
808,466,5,6947.67,6.62,12,2022-05-19,2023-05-19,Paid,6432.82,0.0
809,472,10,14243.05,13.81,24,2025-04-26,2027-04-26,Paid,4606.31,0.0
810,75,5,47695.62,7.17,24,2023-11-03,2025-11-03,Paid,44101.36,0.0
811,314,4,27720.92,3.82,60,2025-04-04,2030-04-04,Paid,20044.19,0.0
812,367,4,48391.87,5.06,60,2024-02-21,2029-02-21,Approved,9678.37,38713.5
813,372,2,46590.44,14.05,48,2025-04-19,2029-04-19,In Progress,9318.09,37272.35
814,302,3,24784.96,14.49,24,2024-08-25,2026-08-25,Paid,26892.7,0.0
815,218,4,28141.3,7.89,36,2023-04-26,2026-04-26,Approved,5628.26,22513.04
816,57,9,11116.06,12.15,36,2023-07-15,2026-07-15,Paid,3695.94,0.0
817,168,8,10207.52,6.4,60,2022-10-05,2027-10-05,Paid,8672.69,0.0
818,431,8,15164.3,7.89,48,2025-04-03,2029-04-03,Approved,3032.86,12131.44
819,36,8,47258.69,7.41,12,2024-05-09,2025-05-09,Defaulted,32765.33,14493.36
820,54,7,24712.63,10.9,12,2023-03-08,2024-03-08,Approved,4942.53,19770.1
821,203,7,36276.67,14.73,24,2024-06-06,2026-06-06,Approved,7255.33,29021.34
822,500,4,20238.42,10.14,48,2024-06-23,2028-06-23,Approved,4047.68,16190.74
823,430,7,37634.02,6.34,60,2022-10-14,2027-10-14,Paid,34060.38,0.0
824,411,7,21024.38,11.0,48,2024-03-08,2028-03-08,Defaulted,14909.05,6115.33
825,76,8,9861.65,6.01,48,2022-11-25,2026-11-25,Approved,1972.33,7889.32
826,483,3,6337.56,11.85,12,2024-11-04,2025-11-04,In Progress,1267.51,5070.05
827,14,3,22218.48,11.15,24,2022-10-26,2024-10-26,In Progress,4443.7,17774.78
828,320,2,39207.71,10.93,60,2023-11-14,2028-11-14,Paid,36627.26,0.0
829,104,5,34794.2,8.88,36,2022-05-10,2025-05-10,Paid,32970.47,0.0
830,277,9,5795.17,12.17,48,2022-08-10,2026-08-10,Paid,2290.87,0.0
831,231,6,43379.34,8.31,12,2024-01-28,2025-01-28,Approved,8675.87,34703.47
832,286,5,44811.51,4.97,48,2024-03-12,2028-03-12,Approved,8962.3,35849.21
833,367,7,26935.47,4.31,48,2022-10-13,2026-10-13,Paid,22849.34,0.0
834,293,8,26416.0,13.25,60,2022-11-11,2027-11-11,Approved,5283.2,21132.8
835,135,8,31597.03,7.53,36,2023-12-08,2026-12-08,Paid,16669.01,0.0
836,32,1,31570.85,4.54,36,2022-10-22,2025-10-22,In Progress,6314.17,25256.68
837,380,10,6210.49,13.7,36,2022-12-11,2025-12-11,In Progress,1242.1,4968.39
838,220,6,49637.55,7.94,12,2024-05-04,2025-05-04,Paid,24724.02,0.0
839,332,5,31663.93,13.92,12,2024-01-31,2025-01-31,Paid,12398.87,0.0
840,87,1,29228.76,3.45,48,2023-09-01,2027-09-01,Paid,29846.3,0.0
841,137,1,36318.13,10.06,36,2025-02-22,2028-02-22,In Progress,7263.63,29054.5
842,200,6,30764.24,12.7,12,2023-01-31,2024-01-31,Paid,14296.96,0.0
843,255,9,41515.57,11.01,24,2025-05-06,2027-05-06,Paid,24521.9,0.0
844,224,4,27362.83,13.17,12,2022-12-12,2023-12-12,Paid,19938.4,0.0
845,148,5,7138.91,14.95,48,2022-05-28,2026-05-28,Paid,5708.69,0.0
846,491,2,37296.81,9.94,60,2024-10-08,2029-10-08,In Progress,7459.36,29837.45
847,35,10,41053.36,8.7,24,2024-10-20,2026-10-20,In Progress,8210.67,32842.69
848,40,5,27708.78,6.6,60,2024-07-27,2029-07-27,In Progress,5541.76,22167.02
849,213,7,16306.92,9.18,60,2022-08-29,2027-08-29,Approved,3261.38,13045.54
850,10,9,43821.94,9.92,24,2023-07-19,2025-07-19,Paid,42030.78,0.0
851,481,8,17057.12,10.66,60,2024-12-19,2029-12-19,Paid,17491.54,0.0
852,479,10,37697.68,3.72,24,2024-12-31,2026-12-31,In Progress,7539.54,30158.14
853,76,4,11771.27,11.22,36,2024-11-22,2027-11-22,Paid,7394.81,0.0
854,441,2,33526.74,13.15,36,2024-01-06,2027-01-06,Paid,27385.79,0.0
855,132,10,15625.84,5.86,24,2023-09-28,2025-09-28,Approved,3125.17,12500.67
856,126,5,25887.19,9.72,48,2023-08-09,2027-08-09,In Progress,5177.44,20709.75
857,464,1,14089.57,6.27,12,2023-01-21,2024-01-21,Approved,2817.91,11271.66
858,412,5,34640.18,5.11,12,2025-01-20,2026-01-20,Defaulted,23855.78,10784.4
859,11,1,43681.28,4.01,60,2024-09-23,2029-09-23,Approved,8736.26,34945.02
860,33,7,45354.8,11.06,12,2024-04-20,2025-04-20,In Progress,9070.96,36283.84
861,430,3,15621.85,9.85,60,2023-05-26,2028-05-26,Defaulted,11209.71,4412.14
862,425,10,47735.35,14.18,36,2024-04-28,2027-04-28,In Progress,9547.07,38188.28
863,47,4,31991.96,12.28,36,2022-06-04,2025-06-04,In Progress,6398.39,25593.57
864,300,7,41262.87,11.93,48,2024-07-08,2028-07-08,Approved,8252.57,33010.3
865,55,3,14634.89,6.29,48,2023-03-26,2027-03-26,Approved,2926.98,11707.91
866,302,1,27066.14,7.5,12,2025-02-16,2026-02-16,In Progress,5413.23,21652.91
867,217,8,35723.23,14.56,24,2023-03-19,2025-03-19,In Progress,7144.65,28578.58
868,367,6,41961.44,3.25,60,2023-07-23,2028-07-23,Approved,8392.29,33569.15
869,379,1,36080.71,12.47,24,2022-08-24,2024-08-24,Approved,7216.14,28864.57
870,197,5,33752.71,11.41,12,2022-09-02,2023-09-02,Paid,16508.64,0.0
871,227,7,5353.97,14.53,36,2024-06-20,2027-06-20,In Progress,1070.79,4283.18
872,480,4,18384.03,13.31,24,2024-10-28,2026-10-28,Defaulted,14800.65,3583.38
873,451,7,40519.28,6.29,12,2023-07-12,2024-07-12,Paid,42642.34,0.0
874,242,7,46692.37,6.99,48,2023-11-17,2027-11-17,Paid,44646.92,0.0
875,423,3,36431.7,9.08,36,2024-12-14,2027-12-14,In Progress,7286.34,29145.36
876,374,9,38200.35,8.44,12,2022-07-06,2023-07-06,Paid,31060.64,0.0
877,95,8,40595.87,4.63,48,2024-09-21,2028-09-21,Approved,8119.17,32476.7
878,157,6,30911.42,4.33,24,2024-06-03,2026-06-03,Paid,33252.39,0.0
879,426,3,43113.22,11.23,36,2023-09-23,2026-09-23,In Progress,8622.64,34490.58
880,448,3,16730.59,11.25,36,2024-08-18,2027-08-18,Paid,7678.19,0.0
881,213,6,13185.02,13.52,60,2024-11-29,2029-11-29,Approved,2637.0,10548.02
882,486,1,46540.06,10.77,24,2022-11-22,2024-11-22,Defaulted,50230.78,-3690.72
883,102,5,36556.75,5.03,48,2024-04-28,2028-04-28,Paid,28525.75,0.0
884,77,2,48111.48,5.04,60,2024-06-19,2029-06-19,Approved,9622.3,38489.18
885,368,9,24582.14,14.04,48,2024-01-23,2028-01-23,Paid,17092.43,0.0
886,115,4,13574.49,13.34,36,2024-08-13,2027-08-13,Approved,2714.9,10859.59
887,254,7,10858.97,13.28,60,2024-08-19,2029-08-19,Approved,2171.79,8687.18
888,422,5,37701.86,5.27,24,2023-10-25,2025-10-25,In Progress,7540.37,30161.49
889,75,1,18058.68,6.14,60,2024-05-27,2029-05-27,In Progress,3611.74,14446.94
890,128,6,31230.64,10.77,12,2024-01-27,2025-01-27,Approved,6246.13,24984.51
891,69,6,48847.96,7.77,24,2022-05-28,2024-05-28,Paid,42339.58,0.0
892,377,10,16530.15,4.14,12,2022-08-15,2023-08-15,Approved,3306.03,13224.12
893,477,4,26191.96,7.25,60,2024-06-04,2029-06-04,Defaulted,28124.09,-1932.13
894,307,1,5241.24,9.05,48,2024-10-07,2028-10-07,In Progress,1048.25,4192.99
895,203,6,10950.72,13.71,12,2025-02-19,2026-02-19,Paid,5565.52,0.0
896,258,8,46864.71,13.53,24,2024-04-24,2026-04-24,Approved,9372.94,37491.77
897,364,9,24481.83,6.12,36,2025-01-17,2028-01-17,Approved,4896.37,19585.46
898,66,8,44225.58,13.02,36,2023-12-04,2026-12-04,Defaulted,23277.71,20947.87
899,449,5,32581.92,12.14,36,2023-01-13,2026-01-13,Paid,21133.29,0.0
900,85,6,38159.12,8.9,24,2025-01-25,2027-01-25,Paid,39619.94,0.0
901,326,8,7395.0,4.78,24,2023-06-20,2025-06-20,Approved,1479.0,5916.0
902,241,5,12359.97,8.61,12,2025-03-27,2026-03-27,Defaulted,12876.19,-516.22
903,21,8,21043.41,11.51,48,2025-03-05,2029-03-05,In Progress,4208.68,16834.73
904,58,3,10564.44,4.12,36,2024-08-08,2027-08-08,Approved,2112.89,8451.55
905,87,9,42015.73,9.76,60,2024-02-26,2029-02-26,Approved,8403.15,33612.58
906,498,1,28670.69,9.85,48,2025-03-19,2029-03-19,Defaulted,14247.21,14423.48
907,256,2,44931.55,3.31,12,2023-01-10,2024-01-10,In Progress,8986.31,35945.24
908,303,2,42663.97,4.85,12,2025-01-25,2026-01-25,In Progress,8532.79,34131.18
909,363,8,25432.5,14.46,60,2024-03-01,2029-03-01,Paid,14332.27,0.0
910,23,10,47790.32,6.9,60,2023-04-08,2028-04-08,Approved,9558.06,38232.26
911,442,1,41070.11,6.4,12,2024-01-28,2025-01-28,Paid,30298.45,0.0
912,309,7,9164.8,6.06,24,2024-06-07,2026-06-07,Defaulted,9095.26,69.54
913,46,1,43355.56,4.96,48,2022-11-19,2026-11-19,Approved,8671.11,34684.45
914,386,3,10427.09,8.89,48,2024-07-16,2028-07-16,Paid,10816.64,0.0
915,463,10,10907.9,10.99,36,2023-03-25,2026-03-25,Paid,7544.98,0.0
916,454,7,26439.79,9.76,48,2023-06-07,2027-06-07,Approved,5287.96,21151.83
917,217,6,32624.05,8.21,48,2024-01-26,2028-01-26,Approved,6524.81,26099.24
918,263,6,48797.23,11.12,24,2023-05-20,2025-05-20,Defaulted,35222.96,13574.27
919,332,9,8778.65,8.62,12,2022-12-29,2023-12-29,Defaulted,5987.82,2790.83
920,77,3,35794.13,6.6,24,2022-09-07,2024-09-07,Paid,19199.45,0.0
921,25,9,8443.96,3.54,12,2022-12-17,2023-12-17,Paid,5323.2,0.0
922,238,10,41577.11,7.27,60,2023-11-23,2028-11-23,Approved,8315.42,33261.69
923,258,1,10127.1,10.94,24,2024-12-22,2026-12-22,Paid,9867.12,0.0
924,24,2,23731.32,11.45,36,2022-06-25,2025-06-25,Paid,15757.56,0.0
925,344,8,33071.47,6.18,24,2024-04-28,2026-04-28,Approved,6614.29,26457.18
926,41,10,16669.3,11.08,48,2025-05-04,2029-05-04,Paid,5078.76,0.0
927,60,1,12728.09,8.73,48,2023-12-25,2027-12-25,Paid,13652.7,0.0
928,309,8,18626.0,12.76,60,2024-08-23,2029-08-23,In Progress,3725.2,14900.8
929,345,7,41208.83,4.05,24,2023-05-23,2025-05-23,Approved,8241.77,32967.06
930,58,1,36321.46,5.26,12,2025-04-06,2026-04-06,Approved,7264.29,29057.17
931,333,3,34238.29,8.23,60,2024-04-29,2029-04-29,Approved,6847.66,27390.63
932,155,8,11667.45,8.06,12,2025-02-26,2026-02-26,Approved,2333.49,9333.96
933,79,8,48374.01,8.66,48,2023-05-14,2027-05-14,Paid,22303.84,0.0
934,292,7,7291.5,3.09,48,2023-11-08,2027-11-08,Defaulted,7137.6,153.9
935,378,10,31812.78,9.65,36,2024-06-13,2027-06-13,Approved,6362.56,25450.22
936,205,8,28101.01,11.7,48,2022-05-28,2026-05-28,Approved,5620.2,22480.81
937,32,9,5855.88,9.92,60,2022-07-22,2027-07-22,Approved,1171.18,4684.7
938,458,7,45011.33,4.4,60,2024-04-02,2029-04-02,Defaulted,25990.05,19021.28
939,358,7,5936.31,6.46,24,2024-04-29,2026-04-29,In Progress,1187.26,4749.05
940,225,4,27843.62,10.05,36,2024-03-22,2027-03-22,Defaulted,27363.68,479.94
941,367,8,10902.14,6.52,48,2024-09-25,2028-09-25,Defaulted,10536.53,365.61
942,345,6,40818.77,12.6,24,2025-01-25,2027-01-25,Paid,21469.28,0.0
943,384,2,35017.54,4.55,24,2023-07-30,2025-07-30,Approved,7003.51,28014.03
944,252,2,40706.71,14.32,48,2024-05-01,2028-05-01,In Progress,8141.34,32565.37
945,108,9,7117.22,3.22,36,2024-02-04,2027-02-04,In Progress,1423.44,5693.78
946,82,3,42257.69,13.73,12,2024-01-16,2025-01-16,Paid,24094.82,0.0
947,59,10,15201.06,9.74,48,2023-04-04,2027-04-04,Approved,3040.21,12160.85
948,175,6,39621.83,12.24,60,2024-11-04,2029-11-04,Approved,7924.37,31697.46
949,78,9,32193.03,4.25,12,2022-08-18,2023-08-18,Defaulted,20933.88,11259.15
950,235,2,48859.69,12.38,60,2022-11-21,2027-11-21,Paid,51689.0,0.0
951,422,9,6888.62,4.26,12,2023-02-08,2024-02-08,Paid,7086.93,0.0
952,81,5,36867.35,12.14,48,2023-03-09,2027-03-09,Paid,13988.78,0.0
953,332,6,20057.34,4.65,24,2022-10-24,2024-10-24,In Progress,4011.47,16045.87
954,213,1,16039.22,12.71,36,2022-05-12,2025-05-12,Approved,3207.84,12831.38
955,88,2,16970.7,11.58,48,2025-03-09,2029-03-09,In Progress,3394.14,13576.56
956,341,4,11822.5,12.04,48,2023-12-27,2027-12-27,Paid,4851.9,0.0
957,220,7,46310.9,13.78,60,2023-11-19,2028-11-19,Paid,27296.55,0.0
958,16,8,11551.29,3.12,60,2024-10-15,2029-10-15,Defaulted,4248.83,7302.46
959,162,7,49187.52,4.97,12,2022-05-08,2023-05-08,In Progress,9837.5,39350.02
960,19,3,45613.0,3.69,60,2025-03-02,2030-03-02,Defaulted,28984.52,16628.48
961,454,9,44309.59,11.66,36,2025-03-20,2028-03-20,Defaulted,13572.99,30736.6
962,144,9,32468.05,4.76,48,2024-07-21,2028-07-21,In Progress,6493.61,25974.44
963,106,9,33096.19,10.42,48,2024-04-20,2028-04-20,Paid,33431.78,0.0
964,401,7,39893.02,13.57,12,2024-09-03,2025-09-03,Approved,7978.6,31914.42
965,172,7,37629.44,11.88,24,2022-07-12,2024-07-12,Paid,27568.54,0.0
966,110,2,28025.22,6.75,36,2022-12-11,2025-12-11,Paid,11995.41,0.0
967,15,9,31662.66,5.9,36,2024-11-23,2027-11-23,Paid,34498.49,0.0
968,57,1,42871.25,6.12,60,2022-11-17,2027-11-17,In Progress,8574.25,34297.0
969,25,2,25193.16,9.87,12,2024-08-24,2025-08-24,In Progress,5038.63,20154.53
970,121,10,30451.88,13.73,60,2022-08-08,2027-08-08,Paid,14832.21,0.0
971,154,5,35011.51,12.78,60,2024-03-24,2029-03-24,Paid,30511.86,0.0
972,267,4,9735.21,9.2,24,2023-04-18,2025-04-18,Paid,5734.18,0.0
973,51,3,37023.82,12.94,12,2023-07-31,2024-07-31,Approved,7404.76,29619.06
974,218,3,26431.39,8.35,36,2025-04-02,2028-04-02,Paid,16445.69,0.0
975,287,9,40047.11,13.46,60,2025-05-01,2030-05-01,In Progress,8009.42,32037.69
976,217,8,36005.8,14.37,48,2023-10-17,2027-10-17,Paid,14959.58,0.0
977,66,8,37001.78,4.55,60,2022-07-13,2027-07-13,Paid,14595.22,0.0
978,109,8,26301.0,11.96,60,2022-06-08,2027-06-08,In Progress,5260.2,21040.8
979,488,2,32072.01,7.9,12,2023-02-22,2024-02-22,In Progress,6414.4,25657.61
980,149,1,28524.99,4.41,36,2025-02-19,2028-02-19,Defaulted,15477.89,13047.1
981,249,1,40604.17,4.71,60,2023-11-28,2028-11-28,In Progress,8120.83,32483.34
982,480,5,45007.57,5.59,48,2023-02-12,2027-02-12,Approved,9001.51,36006.06
983,281,6,8040.4,3.54,48,2023-03-25,2027-03-25,Paid,6051.29,0.0
984,461,6,40160.72,8.7,60,2023-07-11,2028-07-11,Approved,8032.14,32128.58
985,71,9,33640.71,12.14,48,2022-10-16,2026-10-16,Approved,6728.14,26912.57
986,373,6,9019.17,10.5,60,2024-06-02,2029-06-02,In Progress,1803.83,7215.34
987,120,7,20254.9,3.55,48,2024-11-18,2028-11-18,Paid,16542.85,0.0
988,444,3,36824.39,9.86,36,2023-11-01,2026-11-01,Paid,14693.86,0.0
989,287,2,13659.2,10.42,60,2024-04-30,2029-04-30,Paid,14558.44,0.0
990,268,4,38775.14,9.03,12,2024-11-30,2025-11-30,Approved,7755.03,31020.11
991,480,9,13088.45,3.23,24,2022-12-18,2024-12-18,Approved,2617.69,10470.76
992,362,10,24990.33,12.68,60,2023-06-10,2028-06-10,In Progress,4998.07,19992.26
993,302,1,27116.29,14.21,36,2023-01-29,2026-01-29,In Progress,5423.26,21693.03
994,213,1,43684.18,6.81,36,2023-09-06,2026-09-06,Approved,8736.84,34947.34
995,51,9,12567.02,4.73,36,2022-05-23,2025-05-23,Paid,5320.65,0.0
996,488,7,35537.39,3.71,36,2023-12-19,2026-12-19,Approved,7107.48,28429.91
997,366,1,18411.1,4.18,24,2022-06-09,2024-06-09,In Progress,3682.22,14728.88
998,166,5,21898.09,12.93,12,2022-09-23,2023-09-23,Approved,4379.62,17518.47
999,123,10,31371.31,8.92,60,2022-11-27,2027-11-27,In Progress,6274.26,25097.05
1000,59,5,7728.44,8.58,48,2024-12-16,2028-12-16,Approved,1545.69,6182.75
